\include {"pem1_3_def.udf"}


\begin{data}
body[]:[
 {
  0,
  [
   {
    {0.0,0.0,-5.00000000000000}
    1.00000000000000,
    "sphere",
    {0.50000000000000}
    {0.60000000000000,0.25000000000000,{0.0,0.0,1.00000000000000}}
    {0.0,0.0,0.0,{0.0,0.0,0.0}{0.0,0.0,0.0}}
    {0.0,0.0,0.0,{0.0,0.0,0.0}{0.0,0.0,0.0}}
    {
     []
     [
     ]
    }
    {0.0,{0.0,0.0,0.0}}
   }
   {
    {0.0,0.0,-2.50000000000000}
    0.0,
    "line",
    {0.0}
    {0.0,0.0,{0.0,0.0,0.0}}
    {0.0,0.0,0.0,{0.0,0.0,0.0}{0.0,0.0,0.0}}
    {0.0,0.0,0.0,{0.0,0.0,0.0}{0.0,0.0,0.0}}
    {
     []
     [
     ]
    }
    {2.50000000000000,{0.0,0.0,1.00000000000000}}
   }
  ]
  []
  [{1.00000000000000,0.0,0.0,1.00000000000000}{0.0,0.0,0.0,1.00000000000000}]
  {1.00000000000000,{0.0,0.0,-5.00000000000000}{25.1000000000000,25.1000000000000,1.00000000000000e-01,0.0,0.0,0.0}}
 }
]
simulation:{
 {100000,100,1.00000000000000e-03}
 {{-7.50000000000000,-7.50000000000000,-7.50000000000000}{7.50000000000000,15.0000000000000,0.0}}
 "4thOrderRungeKutta",
 "false",
 [{0,{0.0,0.0,0.0}{{0.86602540378444,0.0,0.50000000000000}{0.0,1.00000000000000,0.0}{-0.50000000000000,0.0,0.86602540378444}}{0.0,0.0,0.0}{"false",{0.0,0.0,0.0}}}{0,{0.0,3.00000000000000,0.0}{{0.50000000000000,0.0,0.86602540378444}{0.0,1.00000000000000,0.0}{-0.86602540378444,0.0,0.50000000000000}}{0.0,0.0,0.0}{"false",{0.0,0.0,0.0}}}{0,{0.0,6.00000000000000,0.0}{{6.12323399573677e-17,0.0,1.00000000000000}{0.0,1.00000000000000,0.0}{-1.00000000000000,0.0,6.12323399573677e-17}}{0.0,0.0,0.0}{"false",{0.0,0.0,0.0}}}{0,{0.0,9.00000000000000,0.0}{{-0.50000000000000,0.0,0.86602540378444}{0.0,1.00000000000000,0.0}{-0.86602540378444,0.0,-0.50000000000000}}{0.0,0.0,0.0}{"false",{0.0,0.0,0.0}}}{0,{0.0,12.0000000000000,0.0}{{-0.86602540378444,0.0,0.50000000000000}{0.0,1.00000000000000,0.0}{-0.50000000000000,0.0,-0.86602540378444}}{0.0,0.0,0.0}{"false",{0.0,0.0,0.0}}}]
 []
 {0.0,0.0,-1.00000000000000}
 {"false",{{0.0,0.0,0.0}}{0.0,{0.0,0.0,0.0}{0.0,0.0,0.0}}}
 10.0000000000000,
 {"false",0.0}
}
\end{data}
