\include {"pem1_3_def.udf"}


\begin{data}
body[]:[
 {
  0,
  [
   {
    {0.0,0.0,-5.00000000000000}
    1.00000000000000,
    "point",
    {0.50000000000000}
    {0.60000000000000,0.25000000000000,{0.0,0.0,1.00000000000000}}
    {0.0,0.0,0.0,{0.0,0.0,0.0}{0.0,0.0,0.0}}
    {0.0,0.0,0.0,{0.0,0.0,0.0}{0.0,0.0,0.0}}
    {
     []
     [
     ]
    }
    {0.0,{0.0,0.0,0.0}}
   }
   {
    {0.0,0.0,-2.50000000000000}
    0.0,
    "line",
    {0.0}
    {0.0,0.0,{0.0,0.0,0.0}}
    {0.0,0.0,0.0,{0.0,0.0,0.0}{0.0,0.0,0.0}}
    {0.0,0.0,0.0,{0.0,0.0,0.0}{0.0,0.0,0.0}}
    {
     []
     [
     ]
    }
    {2.50000000000000,{0.0,0.0,1.00000000000000}}
   }
  ]
  []
  [{1.00000000000000,0.0,0.0,1.00000000000000}{0.0,0.0,0.0,1.00000000000000}]
  {1.00000000000000,{0.0,0.0,-5.00000000000000}{25.0000000000000,25.0000000000000,0.0,0.0,0.0,0.0}}
 }
]
simulation:{
 {100000,100,1.00000000000000e-03}
 {{-7.50000000000000,-7.50000000000000,-7.50000000000000}{7.50000000000000,15.0000000000000,0.0}}
 "4thOrderRungeKutta",
 "false",
 [{0,{0.0,0.0,0.0}{{0.86602540378444,0.0,0.50000000000000}{0.0,1.00000000000000,0.0}{-0.50000000000000,0.0,0.86602540378444}}{0.0,0.0,0.0}{"false",{0.0,0.0,0.0}}}{0,{0.0,3.00000000000000,0.0}{{0.50000000000000,0.0,0.86602540378444}{0.0,1.00000000000000,0.0}{-0.86602540378444,0.0,0.50000000000000}}{0.0,0.0,0.0}{"false",{0.0,0.0,0.0}}}{0,{0.0,6.00000000000000,0.0}{{6.12323399573677e-17,0.0,1.00000000000000}{0.0,1.00000000000000,0.0}{-1.00000000000000,0.0,6.12323399573677e-17}}{0.0,0.0,0.0}{"false",{0.0,0.0,0.0}}}{0,{0.0,9.00000000000000,0.0}{{-0.50000000000000,0.0,0.86602540378444}{0.0,1.00000000000000,0.0}{-0.86602540378444,0.0,-0.50000000000000}}{0.0,0.0,0.0}{"false",{0.0,0.0,0.0}}}{0,{0.0,12.0000000000000,0.0}{{-0.86602540378444,0.0,0.50000000000000}{0.0,1.00000000000000,0.0}{-0.50000000000000,0.0,-0.86602540378444}}{0.0,0.0,0.0}{"false",{0.0,0.0,0.0}}}]
 []
 {0.0,0.0,-1.00000000000000}
 {"false",{{0.0,0.0,0.0}}{0.0,{0.0,0.0,0.0}{0.0,0.0,0.0}}}
 10.0000000000000,
 {"false",0.0}
}
\end{data}

\begin{record}{"#0"}
\begin{data}
simulationResult:{
 [
  {
   {{0.86602540378444,0.0,0.50000000000000}{0.0,1.00000000000000,0.0}{-0.50000000000000,0.0,0.86602540378444}}
   {0.0,0.0,0.0}
   {0.0,0.0,0.0}
   {0.0,0.0,0.0}
   []
  }
  {
   {{0.50000000000000,0.0,0.86602540378444}{0.0,1.00000000000000,0.0}{-0.86602540378444,0.0,0.50000000000000}}
   {0.0,0.0,0.0}
   {0.0,0.0,0.0}
   {0.0,0.0,0.0}
   []
  }
  {
   {{6.12323399573677e-17,0.0,1.00000000000000}{0.0,1.00000000000000,0.0}{-1.00000000000000,0.0,6.12323399573677e-17}}
   {0.0,0.0,0.0}
   {0.0,0.0,0.0}
   {0.0,0.0,0.0}
   []
  }
  {
   {{-0.50000000000000,0.0,0.86602540378444}{0.0,1.00000000000000,0.0}{-0.86602540378444,0.0,-0.50000000000000}}
   {0.0,0.0,0.0}
   {0.0,0.0,0.0}
   {0.0,0.0,0.0}
   []
  }
  {
   {{-0.86602540378444,0.0,0.50000000000000}{0.0,1.00000000000000,0.0}{-0.50000000000000,0.0,-0.86602540378444}}
   {0.0,0.0,0.0}
   {0.0,0.0,0.0}
   {0.0,0.0,0.0}
   []
  }
 ]
 [
 ]
 {0.0,0.0,-1.00000000000000}
 {0.0,0.0,0.0}
 0.0
}
\end{data}
\end{record}

\begin{record}{"#1"}
\begin{data}
simulationResult:{
 [
  {
   {{0.86627525946771,0.0,0.49956698733418}{0.0,1.00000000000000,0.0}{-0.49956698733418,0.0,0.86627525946771}}
   {0.0,9.99711324875712e-03,0.0}
   {0.0,0.24992783121893,0.0}
   {0.0,2.49783493667153,0.0}
   []
  }
  {
   {{0.50074974992088,0.0,0.86559210252530}{0.0,1.00000000000000,0.0}{-0.86559210252530,0.0,0.50074974992088}}
   {0.0,1.73176201699791e-02,0.0}
   {0.0,0.43294050424948,0.0}
   {0.0,4.32796051262688,0.0}
   []
  }
  {
   {{9.99999800000088e-04,0.0,0.99999950000007}{0.0,1.00000000000000,0.0}{-0.99999950000007,0.0,9.99999800000088e-04}}
   {0.0,1.99999980000002e-02,0.0}
   {0.0,0.49999995000000,0.0}
   {0.0,4.99999750000038,0.0}
   []
  }
  {
   {{-0.49924975007921,0.0,0.86645812769334}{0.0,1.00000000000000,0.0}{-0.86645812769334,0.0,-0.49924975007921}}
   {0.0,1.73233936719974e-02,0.0}
   {0.0,0.43308484179994,0.0}
   {0.0,4.33229063846704,0.0}
   []
  }
  {
   {{-0.86577525942604,0.0,0.50043301266580}{0.0,1.00000000000000,0.0}{-0.50043301266580,0.0,-0.86577525942604}}
   {0.0,1.00028867512428e-02,0.0}
   {0.0,0.25007216878107,0.0}
   {0.0,2.50216506332961,0.0}
   []
  }
 ]
 [
 ]
 {0.0,0.0,-1.00000000000000}
 {0.0,0.0,0.0}
 0.0
}
\end{data}
\end{record}

\begin{record}{"#2"}
\begin{data}
simulationResult:{
 [
  {
   {{0.86702309571801,0.0,0.49826795149955}{0.0,1.00000000000000,0.0}{-0.49826795149955,0.0,0.86702309571801}}
   {0.0,1.99769060024188e-02,0.0}
   {0.0,0.49942265006047,0.0}
   {0.0,2.49133975749897,0.0}
   []
  }
  {
   {{0.50299599494507,0.0,0.86428874172305}{0.0,1.00000000000000,0.0}{-0.86428874172305,0.0,0.50299599494507}}
   {0.0,3.46178852333207e-02,0.0}
   {0.0,0.86544713083302,0.0}
   {0.0,4.32144370861601,0.0}
   []
  }
  {
   {{3.99998720002737e-03,0.0,0.99999200001920}{0.0,1.00000000000000,0.0}{-0.99999200001920,0.0,3.99998720002737e-03}}
   {0.0,3.99999360000854e-02,0.0}
   {0.0,0.99999840000213,0.0}
   {0.0,4.99996000009600,0.0}
   []
  }
  {
   {{-0.49699600507840,0.0,0.86775282825014}{0.0,1.00000000000000,0.0}{-0.86775282825014,0.0,-0.49699600507840}}
   {0.0,3.46640731686383e-02,0.0}
   {0.0,0.86660182921596,0.0}
   {0.0,4.33876414125139,0.0}
   []
  }
  {
   {{-0.86502309305135,0.0,0.50173204849588}{0.0,1.00000000000000,0.0}{-0.50173204849588,0.0,-0.86502309305135}}
   {0.0,2.00230939975608e-02,0.0}
   {0.0,0.50057734993902,0.0}
   {0.0,2.50866024248064,0.0}
   []
  }
 ]
 [
 ]
 {0.0,0.0,-1.00000000000000}
 {0.0,0.0,0.0}
 0.0
}
\end{data}
\end{record}

\begin{record}{"#3"}
\begin{data}
simulationResult:{
 [
  {
   {{0.86826372766266,0.0,0.49610291192991}{0.0,1.00000000000000,0.0}{-0.49610291192991,0.0,0.86826372766266}}
   {0.0,2.99220579387447e-02,0.0}
   {0.0,0.74805144846862,0.0}
   {0.0,2.48051455965144,0.0}
   []
  }
  {
   {{0.50672969258831,0.0,0.86210499282243}{0.0,1.00000000000000,0.0}{-0.86210499282243,0.0,0.50672969258831}}
   {0.0,5.18833020857810e-02,0.0}
   {0.0,1.29708255214452,0.0}
   {0.0,4.31052496411326,0.0}
   []
  }
  {
   {{8.99985420157470e-03,0.0,0.99995950049207}{0.0,1.00000000000000,0.0}{-0.99995950049207,0.0,8.99985420157470e-03}}
   {0.0,5.99995140032805e-02,0.0}
   {0.0,1.49998785008201,0.0}
   {0.0,4.99979750246035,0.0}
   []
  }
  {
   {{-0.49322980801311,0.0,0.86989904959561}{0.0,1.00000000000000,0.0}{-0.86989904959561,0.0,-0.49322980801311}}
   {0.0,5.20391851853632e-02,0.0}
   {0.0,1.30097962963408,0.0}
   {0.0,4.34949524797909,0.0}
   []
  }
  {
   {{-0.86376369728796,0.0,0.50389708795293}{0.0,1.00000000000000,0.0}{-0.50389708795293,0.0,-0.86376369728796}}
   {0.0,3.00779420604741e-02,0.0}
   {0.0,0.75194855151185,0.0}
   {0.0,2.51948543976649,0.0}
   []
  }
 ]
 [
 ]
 {0.0,0.0,-1.00000000000000}
 {0.0,0.0,0.0}
 0.0
}
\end{data}
\end{record}

\begin{record}{"#4"}
\begin{data}
simulationResult:{
 [
  {
   {{0.86998853903578,0.0,0.49307194398626}{0.0,1.00000000000000,0.0}{-0.49307194398626,0.0,0.86998853903578}}
   {0.0,3.98152495978200e-02,0.0}
   {0.0,0.99538123994550,0.0}
   {0.0,2.46535971993382,0.0}
   []
  }
  {
   {{0.51193567873878,0.0,0.85902378362550}{0.0,1.00000000000000,0.0}{-0.85902378362550,0.0,0.51193567873878}}
   {0.0,6.90961033308812e-02,0.0}
   {0.0,1.72740258327203,0.0}
   {0.0,4.29511891812906,0.0}
   []
  }
  {
   {{1.59991808279613e-02,0.0,0.99987200491505}{0.0,1.00000000000000,0.0}{-0.99987200491505,0.0,1.59991808279613e-02}}
   {0.0,7.99979520436898e-02,0.0}
   {0.0,1.99994880109225,0.0}
   {0.0,4.99936002457524,0.0}
   []
  }
  {
   {{-0.48793632726852,0.0,0.87287922448166}{0.0,1.00000000000000,0.0}{-0.87287922448166,0.0,-0.48793632726852}}
   {0.0,6.94655964675460e-02,0.0}
   {0.0,1.73663991168865,0.0}
   {0.0,4.36439612240962,0.0}
   []
  }
  {
   {{-0.86198836837432,0.0,0.50692805484347}{0.0,1.00000000000000,0.0}{-0.50692805484347,0.0,-0.86198836837432}}
   {0.0,4.01847503917775e-02,0.0}
   {0.0,1.00461875979444,0.0}
   {0.0,2.53464027421982,0.0}
   []
  }
 ]
 [
 ]
 {0.0,0.0,-1.00000000000000}
 {0.0,0.0,0.0}
 0.0
}
\end{data}
\end{record}

\begin{record}{"#5"}
\begin{data}
simulationResult:{
 [
  {
   {{0.87218552031520,0.0,0.48917524278371}{0.0,1.00000000000000,0.0}{-0.48917524278371,0.0,0.87218552031520}}
   {0.0,4.96391640975566e-02,0.0}
   {0.0,1.24097910243892,0.0}
   {0.0,2.44587621392175,0.0}
   []
  }
  {
   {{0.51859253094000,0.0,0.85502151250904}{0.0,1.00000000000000,0.0}{-0.85502151250904,0.0,0.51859253094000}}
   {0.0,8.62381144042378e-02,0.0}
   {0.0,2.15595286010594,0.0}
   {0.0,4.27510756254727,0.0}
   []
  }
  {
   {{2.49968752603980e-02,0.0,0.99968752929464}{0.0,1.00000000000000,0.0}{-0.99968752929464,0.0,2.49968752603980e-02}}
   {0.0,9.99937503255038e-02,0.0}
   {0.0,2.49984375813759,0.0}
   {0.0,4.99843764647320,0.0}
   []
  }
  {
   {{-0.48109500486487,0.0,0.87666846429769}{0.0,1.00000000000000,0.0}{-0.87666846429769,0.0,-0.48109500486487}}
   {0.0,8.69597496204629e-02,0.0}
   {0.0,2.17399374051157,0.0}
   {0.0,4.38334232149001,0.0}
   []
  }
  {
   {{-0.85968486932197,0.0,0.51082475024108}{0.0,1.00000000000000,0.0}{-0.51082475024108,0.0,-0.85968486932197}}
   {0.0,5.03608358249401e-02,0.0}
   {0.0,1.25902089562350,0.0}
   {0.0,2.55412375120846,0.0}
   []
  }
 ]
 [
 ]
 {0.0,0.0,-1.00000000000000}
 {0.0,0.0,0.0}
 0.0
}
\end{data}
\end{record}

\begin{record}{"#6"}
\begin{data}
simulationResult:{
 [
  {
   {{0.87483932280616,0.0,0.48441321128976}{0.0,1.00000000000000,0.0}{-0.48441321128976,0.0,0.87483932280616}}
   {0.0,5.93764903702459e-02,0.0}
   {0.0,1.48441225925615,0.0}
   {0.0,2.42206605645267,0.0}
   []
  }
  {
   {{0.52667238347519,0.0,0.85006835047810}{0.0,1.00000000000000,0.0}{-0.85006835047810,0.0,0.52667238347519}}
   {0.0,0.10329062585770,0.0}
   {0.0,2.58226564644259,0.0}
   {0.0,4.25034175239313,0.0}
   []
  }
  {
   {{3.59906704121904e-02,0.0,0.99935212595125}{0.0,1.00000000000000,0.0}{-0.99935212595125,0.0,3.59906704121904e-02}}
   {0.0,0.11998444967943,0.0}
   {0.0,2.99961124198580,0.0}
   {0.0,4.99676062975628,0.0}
   []
  }
  {
   {{-0.47267977046795,0.0,0.88123426771226}{0.0,1.00000000000000,0.0}{-0.88123426771226,0.0,-0.47267977046795}}
   {0.0,0.10453751390205,0.0}
   {0.0,2.61343784755120,0.0}
   {0.0,4.40617133856304,0.0}
   []
  }
  {
   {{-0.85683737910608,0.0,0.51558675871925}{0.0,1.00000000000000,0.0}{-0.51558675871925,0.0,-0.85683737910608}}
   {0.0,6.06235092298652e-02,0.0}
   {0.0,1.51558773074663,0.0}
   {0.0,2.57793379359988,0.0}
   []
  }
 ]
 [
 ]
 {0.0,0.0,-1.00000000000000}
 {0.0,0.0,0.0}
 0.0
}
\end{data}
\end{record}

\begin{record}{"#7"}
\begin{data}
simulationResult:{
 [
  {
   {{0.87793132932666,0.0,0.47878657143525}{0.0,1.00000000000000,0.0}{-0.47878657143525,0.0,0.87793132932666}}
   {0.0,6.90099283935984e-02,0.0}
   {0.0,1.72524820983996,0.0}
   {0.0,2.39393285718078,0.0}
   []
  }
  {
   {{0.53614070075627,0.0,0.84412863296572}{0.0,1.00000000000000,0.0}{-0.84412863296572,0.0,0.53614070075627}}
   {0.0,0.12023427257862,0.0}
   {0.0,3.00585681446547,0.0}
   {0.0,4.22064316483185,0.0}
   []
  }
  {
   {{4.89764777305872e-02,0.0,0.99879993223323}{0.0,1.00000000000000,0.0}{-0.99879993223323,0.0,4.89764777305872e-02}}
   {0.0,0.13996639272424,0.0}
   {0.0,3.49915981810588,0.0}
   {0.0,4.99399966116623,0.0}
   []
  }
  {
   {{-0.46265932754609,0.0,0.88653615077706}{0.0,1.00000000000000,0.0}{-0.88653615077706,0.0,-0.46265932754609}}
   {0.0,0.12221402939746,0.0}
   {0.0,3.05535073493657,0.0}
   {0.0,4.43268075388711,0.0}
   []
  }
  {
   {{-0.85342642868608,0.0,0.52121332563561}{0.0,1.00000000000000,0.0}{-0.52121332563561,0.0,-0.85342642868608}}
   {0.0,7.09900700052156e-02,0.0}
   {0.0,1.77475175013039,0.0}
   {0.0,2.60606662818222,0.0}
   []
  }
 ]
 [
 ]
 {0.0,0.0,-1.00000000000000}
 {0.0,0.0,0.0}
 0.0
}
\end{data}
\end{record}

\begin{record}{"#8"}
\begin{data}
simulationResult:{
 [
  {
   {{0.88143974228412,0.0,0.47229649662273}{0.0,1.00000000000000,0.0}{-0.47229649662273,0.0,0.88143974228412}}
   {0.0,7.85221968609657e-02,0.0}
   {0.0,1.96305492152414,0.0}
   {0.0,2.36148248311891,0.0}
   []
  }
  {
   {{0.54695601738902,0.0,0.83716134349476}{0.0,1.00000000000000,0.0}{-0.83716134349476,0.0,0.54695601738902}}
   {0.0,0.13704892176010,0.0}
   {0.0,3.42622304400252,0.0}
   {0.0,4.18580671747778,0.0}
   []
  }
  {
   {{6.39475998195889e-02,0.0,0.99795325766156}{0.0,1.00000000000000,0.0}{-0.99795325766156,0.0,6.39475998195889e-02}}
   {0.0,0.15993448636187,0.0}
   {0.0,3.99836215904678,0.0}
   {0.0,4.98976628830795,0.0}
   []
  }
  {
   {{-0.45099751983875,0.0,0.89252520250091}{0.0,1.00000000000000,0.0}{-0.89252520250091,0.0,-0.45099751983875}}
   {0.0,0.14000354304267,0.0}
   {0.0,3.50008857606675,0.0}
   {0.0,4.46262601250643,0.0}
   []
  }
  {
   {{-0.84942882494298,0.0,0.52770320385230}{0.0,1.00000000000000,0.0}{-0.52770320385230,0.0,-0.84942882494298}}
   {0.0,8.14777978137728e-02,0.0}
   {0.0,2.03694494534432,0.0}
   {0.0,2.63851601926620,0.0}
   []
  }
 ]
 [
 ]
 {0.0,0.0,-1.00000000000000}
 {0.0,0.0,0.0}
 0.0
}
\end{data}
\end{record}

\begin{record}{"#9"}
\begin{data}
simulationResult:{
 [
  {
   {{0.88533969002954,0.0,0.46494476366381}{0.0,1.00000000000000,0.0}{-0.46494476366381,0.0,0.88533969002954}}
   {0.0,8.78960436995911e-02,0.0}
   {0.0,2.19740109248978,0.0}
   {0.0,2.32472381832504,0.0}
   []
  }
  {
   {{0.55906965514334,0.0,0.82912069127353}{0.0,1.00000000000000,0.0}{-0.82912069127353,0.0,0.55906965514334}}
   {0.0,0.15371357148065,0.0}
   {0.0,3.84283928701623,0.0}
   {0.0,4.14560345637251,0.0}
   []
  }
  {
   {{8.08938047105769e-02,0.0,0.99672272591702}{0.0,1.00000000000000,0.0}{-0.99672272591702,0.0,8.08938047105769e-02}}
   {0.0,0.17988196653425,0.0}
   {0.0,4.49704916335636,0.0}
   {0.0,4.98361362958537,0.0}
   []
  }
  {
   {{-0.43765378799667,0.0,0.89914357132338}{0.0,1.00000000000000,0.0}{-0.89914357132338,0.0,-0.43765378799667}}
   {0.0,0.15791923505809,0.0}
   {0.0,3.94798087645232,0.0}
   {0.0,4.49571785661872,0.0}
   []
  }
  {
   {{-0.84481756394713,0.0,0.53505446792493}{0.0,1.00000000000000,0.0}{-0.53505446792493,0.0,-0.84481756394713}}
   {0.0,9.21039409304592e-02,0.0}
   {0.0,2.30259852326148,0.0}
   {0.0,2.67527233962984,0.0}
   []
  }
 ]
 [
 ]
 {0.0,0.0,-1.00000000000000}
 {0.0,0.0,0.0}
 0.0
}
\end{data}
\end{record}

\begin{record}{"#10"}
\begin{data}
simulationResult:{
 [
  {
   {{0.88960335242710,0.0,0.45673392183028}{0.0,1.00000000000000,0.0}{-0.45673392183028,0.0,0.88960335242710}}
   {0.0,9.71142598028874e-02,0.0}
   {0.0,2.42785649507218,0.0}
   {0.0,2.28366960915816,0.0}
   []
  }
  {
   {{0.57242542888119,0.0,0.81995678445281}{0.0,1.00000000000000,0.0}{-0.81995678445281,0.0,0.57242542888119}}
   {0.0,0.17020626178985,0.0}
   {0.0,4.25515654474633,0.0}
   {0.0,4.09978392226984,0.0}
   []
  }
  {
   {{9.98002663593040e-02,0.0,0.99500749084347}{0.0,1.00000000000000,0.0}{-0.99500749084347,0.0,9.98002663593040e-02}}
   {0.0,0.19980016652576,0.0}
   {0.0,4.99500416314401,0.0}
   {0.0,4.97503745421783,0.0}
   []
  }
  {
   {{-0.42258372784077,0.0,0.90632388965766}{0.0,1.00000000000000,0.0}{-0.90632388965766,0.0,-0.42258372784077}}
   {0.0,0.17597303447884,0.0}
   {0.0,4.39932586197108,0.0}
   {0.0,4.53161944828998,0.0}
   []
  }
  {
   {{-0.83956173535065,0.0,0.54326429344749}{0.0,1.00000000000000,0.0}{-0.54326429344749,0.0,-0.83956173535065}}
   {0.0,0.10288570052984,0.0}
   {0.0,2.57214251324588,0.0}
   {0.0,2.71632146724312,0.0}
   []
  }
 ]
 [
 ]
 {0.0,0.0,-1.00000000000000}
 {0.0,0.0,0.0}
 0.0
}
\end{data}
\end{record}

\begin{record}{"#11"}
\begin{data}
simulationResult:{
 [
  {
   {{0.89420010657702,0.0,0.44766747636794}{0.0,1.00000000000000,0.0}{-0.44766747636794,0.0,0.89420010657702}}
   {0.0,0.10615969629306,0.0}
   {0.0,2.65399240732640,0.0}
   {0.0,2.23833738184720,0.0}
   []
  }
  {
   {{0.58695935525009,0.0,0.80961640008364}{0.0,1.00000000000000,0.0}{-0.80961640008364,0.0,0.58695935525009}}
   {0.0,0.18650400022529,0.0}
   {0.0,4.66260000563226,0.0}
   {0.0,4.04808200042515,0.0}
   []
  }
  {
   {{0.12064637829803,0.0,0.99269554819369}{0.0,1.00000000000000,0.0}{-0.99269554819369,0.0,0.12064637829803}}
   {0.0,0.21967829050503,0.0}
   {0.0,5.49195726262563,0.0}
   {0.0,4.96347774096924,0.0}
   []
  }
  {
   {{-0.40573976311431,0.0,0.91398864578721}{0.0,1.00000000000000,0.0}{-0.91398864578721,0.0,-0.40573976311431}}
   {0.0,0.19417542263190,0.0}
   {0.0,4.85438556579752,0.0}
   {0.0,4.56994322893750,0.0}
   []
  }
  {
   {{-0.83362642014402,0.0,0.55232869890842}{0.0,1.00000000000000,0.0}{-0.55232869890842,0.0,-0.83362642014402}}
   {0.0,0.11384021019028,0.0}
   {0.0,2.84600525475703,0.0}
   {0.0,2.76164349454817,0.0}
   []
  }
 ]
 [
 ]
 {0.0,0.0,-1.00000000000000}
 {0.0,0.0,0.0}
 0.0
}
\end{data}
\end{record}

\begin{record}{"#12"}
\begin{data}
simulationResult:{
 [
  {
   {{0.89909669357367,0.0,0.43775008350073}{0.0,1.00000000000000,0.0}{-0.43775008350073,0.0,0.89909669357367}}
   {0.0,0.11501528557410,0.0}
   {0.0,2.87538213935243,0.0}
   {0.0,2.18875041751198,0.0}
   []
  }
  {
   {{0.60259937959241,0.0,0.79804385074684}{0.0,1.00000000000000,0.0}{-0.79804385074684,0.0,0.60259937959241}}
   {0.0,0.20258270369645,0.0}
   {0.0,5.06456759241116,0.0}
   {0.0,3.99021925374240,0.0}
   []
  }
  {
   {{0.14340445038796,0.0,0.98966416708342}{0.0,1.00000000000000,0.0}{-0.98966416708342,0.0,0.14340445038796}}
   {0.0,0.23950319445716,0.0}
   {0.0,5.98757986142891,0.0}
   {0.0,4.94832083541835,0.0}
   []
  }
  {
   {{-0.38707194680101,0.0,0.92204951493923}{0.0,1.00000000000000,0.0}{-0.92204951493923,0.0,-0.38707194680101}}
   {0.0,0.21253522362092,0.0}
   {0.0,5.31338059052310,0.0}
   {0.0,4.61024757469728,0.0}
   []
  }
  {
   {{-0.82697258453707,0.0,0.56224224710002}{0.0,1.00000000000000,0.0}{-0.56224224710002,0.0,-0.82697258453707}}
   {0.0,0.12498450983601,0.0}
   {0.0,3.12461274590032,0.0}
   {0.0,2.81121123550656,0.0}
   []
  }
 ]
 [
 ]
 {0.0,0.0,-1.00000000000000}
 {0.0,0.0,0.0}
 0.0
}
\end{data}
\end{record}

\begin{record}{"#13"}
\begin{data}
simulationResult:{
 [
  {
   {{0.90425740706406,0.0,0.42698775365316}{0.0,1.00000000000000,0.0}{-0.42698775365316,0.0,0.90425740706406}}
   {0.0,0.12366406637277,0.0}
   {0.0,3.09160165931937,0.0}
   {0.0,2.13493876827495,0.0}
   []
  }
  {
   {{0.61926513798932,0.0,0.78518194634815}{0.0,1.00000000000000,0.0}{-0.78518194634815,0.0,0.61926513798932}}
   {0.0,0.21841715865684,0.0}
   {0.0,5.46042896642107,0.0}
   {0.0,3.92590973175038,0.0}
   []
  }
  {
   {{0.16803830234843,0.0,0.98578046691130}{0.0,1.00000000000000,0.0}{-0.98578046691130,0.0,0.16803830234843}}
   {0.0,0.25925917715555,0.0}
   {0.0,6.48147942888863,0.0}
   {0.0,4.92890233455832,0.0}
   []
  }
  {
   {{-0.36652890596208,0.0,0.93040666436469}{0.0,1.00000000000000,0.0}{-0.93040666436469,0.0,-0.36652890596208}}
   {0.0,0.23105938114512,0.0}
   {0.0,5.77648452862800,0.0}
   {0.0,4.65203332182418,0.0}
   []
  }
  {
   {{-0.81955697333385,0.0,0.57299770283995}{0.0,1.00000000000000,0.0}{-0.57299770283995,0.0,-0.81955697333385}}
   {0.0,0.13633551327602,0.0}
   {0.0,3.40838783190053,0.0}
   {0.0,2.86498851420653,0.0}
   []
  }
 ]
 [
 ]
 {0.0,0.0,-1.00000000000000}
 {0.0,0.0,0.0}
 0.0
}
\end{data}
\end{record}

\begin{record}{"#14"}
\begin{data}
simulationResult:{
 [
  {
   {{0.90964430419374,0.0,0.41538805934679}{0.0,1.00000000000000,0.0}{-0.41538805934679,0.0,0.90964430419374}}
   {0.0,0.13208921289689,0.0}
   {0.0,3.30223032242217,0.0}
   {0.0,2.07694029674392,0.0}
   []
  }
  {
   {{0.63686777258386,0.0,0.77097304767681}{0.0,1.00000000000000,0.0}{-0.77097304767681,0.0,0.63686777258386}}
   {0.0,0.23398100143718,0.0}
   {0.0,5.84952503592946,0.0}
   {0.0,3.85486523839533,0.0}
   []
  }
  {
   {{0.19450177220691,0.0,0.98090216668553}{0.0,1.00000000000000,0.0}{-0.98090216668553,0.0,0.19450177220691}}
   {0.0,0.27892778435066,0.0}
   {0.0,6.97319460876638,0.0}
   {0.0,4.90451083343028,0.0}
   []
  }
  {
   {{-0.34405894549641,0.0,0.93894805075888}{0.0,1.00000000000000,0.0}{-0.93894805075888,0.0,-0.34405894549641}}
   {0.0,0.24975272130937,0.0}
   {0.0,6.24381803273426,0.0}
   {0.0,4.69474025379463,0.0}
   []
  }
  {
   {{-0.81133200688076,0.0,0.58458564352098}{0.0,1.00000000000000,0.0}{-0.58458564352098,0.0,-0.81133200688076}}
   {0.0,0.14790996843171,0.0}
   {0.0,3.69774921079275,0.0}
   {0.0,2.92292821761189,0.0}
   []
  }
 ]
 [
 ]
 {0.0,0.0,-1.00000000000000}
 {0.0,0.0,0.0}
 0.0
}
\end{data}
\end{record}

\begin{record}{"#15"}
\begin{data}
simulationResult:{
 [
  {
   {{0.91521743928466,0.0,0.40296034399087}{0.0,1.00000000000000,0.0}{-0.40296034399087,0.0,0.91521743928466}}
   {0.0,0.14027406816688,0.0}
   {0.0,3.50685170417204,0.0}
   {0.0,2.01480171996516,0.0}
   []
  }
  {
   {{0.65530981922715,0.0,0.75536020601067}{0.0,1.00000000000000,0.0}{-0.75536020601067,0.0,0.65530981922715}}
   {0.0,0.24924672052178,0.0}
   {0.0,6.23116801304441,0.0}
   {0.0,3.77680103006645,0.0}
   []
  }
  {
   {{0.22273716300428,0.0,0.97487853408351}{0.0,1.00000000000000,0.0}{-0.97487853408351,0.0,0.22273716300428}}
   {0.0,0.29848762989730,0.0}
   {0.0,7.46219074743262,0.0}
   {0.0,4.87439267042122,0.0}
   []
  }
  {
   {{-0.31961132611719,0.0,0.94754873237086}{0.0,1.00000000000000,0.0}{-0.94754873237086,0.0,-0.31961132611719}}
   {0.0,0.26861770148880,0.0}
   {0.0,6.71544253721998,0.0}
   {0.0,4.73774366185399,0.0}
   []
  }
  {
   {{-0.80224568649013,0.0,0.59699401882094}{0.0,1.00000000000000,0.0}{-0.59699401882094,0.0,-0.80224568649013}}
   {0.0,0.15972440927336,0.0}
   {0.0,3.99311023183391,0.0}
   {0.0,2.98497009411191,0.0}
   []
  }
 ]
 [
 ]
 {0.0,0.0,-1.00000000000000}
 {0.0,0.0,0.0}
 0.0
}
\end{data}
\end{record}

\begin{record}{"#16"}
\begin{data}
simulationResult:{
 [
  {
   {{0.92093512028729,0.0,0.38971592759526}{0.0,1.00000000000000,0.0}{-0.38971592759526,0.0,0.92093512028729}}
   {0.0,0.14820218149926,0.0}
   {0.0,3.70505453748154,0.0}
   {0.0,1.94857963798803,0.0}
   []
  }
  {
   {{0.67448518697588,0.0,0.73828838034342}{0.0,1.00000000000000,0.0}{-0.73828838034342,0.0,0.67448518697588}}
   {0.0,0.26418568240984,0.0}
   {0.0,6.60464206024600,0.0}
   {0.0,3.69144190173225,0.0}
   []
  }
  {
   {{0.25267365694151,0.0,0.96755156094536}{0.0,1.00000000000000,0.0}{-0.96755156094536,0.0,0.25267365694151}}
   {0.0,0.31791423808412,0.0}
   {0.0,7.94785595210296,0.0}
   {0.0,4.83775780473185,0.0}
   []
  }
  {
   {{-0.29313773100695,0.0,0.95607022266154}{0.0,1.00000000000000,0.0}{-0.95607022266154,0.0,-0.29313773100695}}
   {0.0,0.28765414580224,0.0}
   {0.0,7.19135364505609,0.0}
   {0.0,4.78035111330688,0.0}
   []
  }
  {
   {{-0.79224151418936,0.0,0.61020765579838}{0.0,1.00000000000000,0.0}{-0.61020765579838,0.0,-0.79224151418936}}
   {0.0,0.17179509841096,0.0}
   {0.0,4.29487746027396,0.0}
   {0.0,3.05103827899919,0.0}
   []
  }
 ]
 [
 ]
 {0.0,0.0,-1.00000000000000}
 {0.0,0.0,0.0}
 0.0
}
\end{data}
\end{record}

\begin{record}{"#17"}
\begin{data}
simulationResult:{
 [
  {
   {{0.92675418768762,0.0,0.37566830529532}{0.0,1.00000000000000,0.0}{-0.37566830529532,0.0,0.92675418768762}}
   {0.0,0.15585735003930,0.0}
   {0.0,3.89643375098253,0.0}
   {0.0,1.87834152648920,0.0}
   []
  }
  {
   {{0.69427924894220,0.0,0.71970572075554}{0.0,1.00000000000000,0.0}{-0.71970572075554,0.0,0.69427924894220}}
   {0.0,0.27876818250453,0.0}
   {0.0,6.96920456261328,0.0}
   {0.0,3.59852860379514,0.0}
   []
  }
  {
   {{0.28422573255057,0.0,0.95875739003988}{0.0,1.00000000000000,0.0}{-0.95875739003988,0.0,0.28422573255057}}
   {0.0,0.33717991194647,0.0}
   {0.0,8.42949779866170,0.0}
   {0.0,4.79378695020621,0.0}
   []
  }
  {
   {{-0.26459393388065,0.0,0.96435991733044}{0.0,1.00000000000000,0.0}{-0.96435991733044,0.0,-0.26459393388065}}
   {0.0,0.30685896833520,0.0}
   {0.0,7.67147420837990,0.0}
   {0.0,4.82179958665078,0.0}
   []
  }
  {
   {{-0.78125843373002,0.0,0.62420770559624}{0.0,1.00000000000000,0.0}{-0.62420770559624,0.0,-0.78125843373002}}
   {0.0,0.18413795920931,0.0}
   {0.0,4.60344898023268,0.0}
   {0.0,3.12103852798853,0.0}
   []
  }
 ]
 [
 ]
 {0.0,0.0,-1.00000000000000}
 {0.0,0.0,0.0}
 0.0
}
\end{data}
\end{record}

\begin{record}{"#18"}
\begin{data}
simulationResult:{
 [
  {
   {{0.93263031513695,0.0,0.36083333450161}{0.0,1.00000000000000,0.0}{-0.36083333450161,0.0,0.93263031513695}}
   {0.0,0.16322366415752,0.0}
   {0.0,4.08059160393788,0.0}
   {0.0,1.80416667252155,0.0}
   []
  }
  {
   {{0.71456906336481,0.0,0.69956490312332}{0.0,1.00000000000000,0.0}{-0.69956490312332,0.0,0.71456906336481}}
   {0.0,0.29296352221040,0.0}
   {0.0,7.32408805526001,0.0}
   {0.0,3.49782451563650,0.0}
   []
  }
  {
   {{0.31729162722636,0.0,0.94832801460889}{0.0,1.00000000000000,0.0}{-0.94832801460889,0.0,0.31729162722636}}
   {0.0,0.35625363281031,0.0}
   {0.0,8.90634082025780,0.0}
   {0.0,4.74164007305341,0.0}
   []
  }
  {
   {{-0.23394167835360,0.0,0.97225063184814}{0.0,1.00000000000000,0.0}{-0.97225063184814,0.0,-0.23394167835360}}
   {0.0,0.32622588594188,0.0}
   {0.0,8.15564714854689,0.0}
   {0.0,4.86125315923880,0.0}
   []
  }
  {
   {{-0.76923080102014,0.0,0.63897102810841}{0.0,1.00000000000000,0.0}{-0.63897102810841,0.0,-0.76923080102014}}
   {0.0,0.19676849622264,0.0}
   {0.0,4.91921240556608,0.0}
   {0.0,3.19485514054932,0.0}
   []
  }
 ]
 [
 ]
 {0.0,0.0,-1.00000000000000}
 {0.0,0.0,0.0}
 0.0
}
\end{data}
\end{record}

\begin{record}{"#19"}
\begin{data}
simulationResult:{
 [
  {
   {{0.93851833061498,0.0,0.34522940648165}{0.0,1.00000000000000,0.0}{-0.34522940648165,0.0,0.93851833061498}}
   {0.0,0.17028555644040,0.0}
   {0.0,4.25713891100993,0.0}
   {0.0,1.72614703242269,0.0}
   []
  }
  {
   {{0.73522374244434,0.0,0.67782449686194}{0.0,1.00000000000000,0.0}{-0.67782449686194,0.0,0.73522374244434}}
   {0.0,0.30674011308881,0.0}
   {0.0,7.66850282722013,0.0}
   {0.0,3.38912248433234,0.0}
   []
  }
  {
   {{0.35175189430814,0.0,0.93609326717514}{0.0,1.00000000000000,0.0}{-0.93609326717514,0.0,0.35175189430814}}
   {0.0,0.37510099669723,0.0}
   {0.0,9.37752491743078,0.0}
   {0.0,4.68046633588728,0.0}
   []
  }
  {
   {{-0.20115077436537,0.0,0.97956029215777}{0.0,1.00000000000000,0.0}{-0.97956029215777,0.0,-0.20115077436537}}
   {0.0,0.34574512325389,0.0}
   {0.0,8.64362808134736,0.0}
   {0.0,4.89780146078654,0.0}
   []
  }
  {
   {{-0.75608839352343,0.0,0.65446951126784}{0.0,1.00000000000000,0.0}{-0.65446951126784,0.0,-0.75608839352343}}
   {0.0,0.20970170267407,0.0}
   {0.0,5.24254256685169,0.0}
   {0.0,3.27234755634627,0.0}
   []
  }
 ]
 [
 ]
 {0.0,0.0,-1.00000000000000}
 {0.0,0.0,0.0}
 0.0
}
\end{data}
\end{record}

\begin{record}{"#20"}
\begin{data}
simulationResult:{
 [
  {
   {{0.94437255644560,0.0,0.32887759825261}{0.0,1.00000000000000,0.0}{-0.32887759825261,0.0,0.94437255644560}}
   {0.0,0.17702785392266,0.0}
   {0.0,4.42569634806661,0.0}
   {0.0,1.64438799127837,0.0}
   []
  }
  {
   {{0.75610498439226,0.0,0.65445034385901}{0.0,1.00000000000000,0.0}{-0.65445034385901,0.0,0.75610498439226}}
   {0.0,0.32006560851942,0.0}
   {0.0,8.00164021298539,0.0}
   {0.0,3.27225171932059,0.0}
   []
  }
  {
   {{0.38746811049975,0.0,0.92188310720273}{0.0,1.00000000000000,0.0}{-0.92188310720273,0.0,0.38746811049975}}
   {0.0,0.39368419348496,0.0}
   {0.0,9.84210483712389,0.0}
   {0.0,4.60941553602836,0.0}
   []
  }
  {
   {{-0.16620141173613,0.0,0.98609182672656}{0.0,1.00000000000000,0.0}{-0.98609182672656,0.0,-0.16620141173613}}
   {0.0,0.36540311343166,0.0}
   {0.0,9.13507783579139,0.0}
   {0.0,4.93045913363024,0.0}
   []
  }
  {
   {{-0.74175646970151,0.0,0.67066932213719}{0.0,1.00000000000000,0.0}{-0.67066932213719,0.0,-0.74175646970151}}
   {0.0,0.22295195364287,0.0}
   {0.0,5.57379884107173,0.0}
   {0.0,3.35334661069275,0.0}
   []
  }
 ]
 [
 ]
 {0.0,0.0,-1.00000000000000}
 {0.0,0.0,0.0}
 0.0
}
\end{data}
\end{record}

\begin{record}{"#21"}
\begin{data}
simulationResult:{
 [
  {
   {{0.95014716597216,0.0,0.31180180082075}{0.0,1.00000000000000,0.0}{-0.31180180082075,0.0,0.95014716597216}}
   {0.0,0.18343583312725,0.0}
   {0.0,4.58589582818137,0.0}
   {0.0,1.55900900412001,0.0}
   []
  }
  {
   {{0.77706778122931,0.0,0.62941692333091}{0.0,1.00000000000000,0.0}{-0.62941692333091,0.0,0.77706778122931}}
   {0.0,0.33290706284446,0.0}
   {0.0,8.32267657111146,0.0}
   {0.0,3.14708461668322,0.0}
   []
  }
  {
   {{0.42428179534056,0.0,0.90553020829931}{0.0,1.00000000000000,0.0}{-0.90553020829931,0.0,0.42428179534056}}
   {0.0,0.41196203482387,0.0}
   {0.0,10.2990508705968,0.0}
   {0.0,4.52765104151503,0.0}
   []
  }
  {
   {{-0.12908668352702,0.0,0.99163331334521}{0.0,1.00000000000000,0.0}{-0.99163331334521,0.0,-0.12908668352702}}
   {0.0,0.38518219921122,0.0}
   {0.0,9.62955498028050,0.0}
   {0.0,4.95816656672350,0.0}
   []
  }
  {
   {{-0.72615589125489,0.0,0.68753008777494}{0.0,1.00000000000000,0.0}{-0.68753008777494,0.0,-0.72615589125489}}
   {0.0,0.23653288357397,0.0}
   {0.0,5.91332208934937,0.0}
   {0.0,3.43765043888111,0.0}
   []
  }
 ]
 [
 ]
 {0.0,0.0,-1.00000000000000}
 {0.0,0.0,0.0}
 0.0
}
\end{data}
\end{record}

\begin{record}{"#22"}
\begin{data}
simulationResult:{
 [
  {
   {{0.95579655417892,0.0,0.29402882004951}{0.0,1.00000000000000,0.0}{-0.29402882004951,0.0,0.95579655417892}}
   {0.0,0.18949527740234,0.0}
   {0.0,4.73738193505860,0.0}
   {0.0,1.47014410026469,0.0}
   []
  }
  {
   {{0.79796131111368,0.0,0.60270867420814}{0.0,1.00000000000000,0.0}{-0.60270867420814,0.0,0.79796131111368}}
   {0.0,0.34523111743507,0.0}
   {0.0,8.63077793587687,0.0}
   {0.0,3.01354337107267,0.0}
   []
  }
  {
   {{0.46201360917289,0.0,0.88687283470577}{0.0,1.00000000000000,0.0}{-0.88687283470577,0.0,0.46201360917289}}
   {0.0,0.42989003671771,0.0}
   {0.0,10.7472509179428,0.0}
   {0.0,4.43436417355171,0.0}
   []
  }
  {
   {{-8.98153025716471e-02,0.0,0.99595843860272}{0.0,1.00000000000000,0.0}{-0.99595843860272,0.0,-8.98153025716471e-02}}
   {0.0,0.40506033991412,0.0}
   {0.0,10.1265084978530,0.0}
   {0.0,4.97979219301136,0.0}
   []
  }
  {
   {{-0.70920332273084,0.0,0.70500400497270}{0.0,1.00000000000000,0.0}{-0.70500400497270,0.0,-0.70920332273084}}
   {0.0,0.25045724669380,0.0}
   {0.0,6.26143116734507,0.0}
   {0.0,3.52502002486935,0.0}
   []
  }
 ]
 [
 ]
 {0.0,0.0,-1.00000000000000}
 {0.0,0.0,0.0}
 0.0
}
\end{data}
\end{record}

\begin{record}{"#23"}
\begin{data}
simulationResult:{
 [
  {
   {{0.96127571903386,0.0,0.27558844677515}{0.0,1.00000000000000,0.0}{-0.27558844677515,0.0,0.96127571903386}}
   {0.0,0.19519253597350,0.0}
   {0.0,4.87981339933760,0.0}
   {0.0,1.37794223389375,0.0}
   []
  }
  {
   {{0.81863001939968,0.0,0.57432124402435}{0.0,1.00000000000000,0.0}{-0.57432124402435,0.0,0.81863001939968}}
   {0.0,0.35700421252399,0.0}
   {0.0,8.92510531309965,0.0}
   {0.0,2.87160622015717,0.0}
   []
  }
  {
   {{0.50046289902416,0.0,0.86575798390794}{0.0,1.00000000000000,0.0}{-0.86575798390794,0.0,0.50046289902416}}
   {0.0,0.44742056234561,0.0}
   {0.0,11.1855140586402,0.0}
   {0.0,4.32878991956763,0.0}
   []
  }
  {
   {{-4.84144832319891e-02,0.0,0.99882733133079}{0.0,1.00000000000000,0.0}{-0.99882733133079,0.0,-4.84144832319891e-02}}
   {0.0,0.42501083128222,0.0}
   {0.0,10.6252707820555,0.0}
   {0.0,4.99413665665245,0.0}
   []
  }
  {
   {{-0.69081152498474,0.0,0.72303487948249}{0.0,1.00000000000000,0.0}{-0.72303487948249,0.0,-0.69081152498474}}
   {0.0,0.26473675891323,0.0}
   {0.0,6.61841897283064,0.0}
   {0.0,3.61517439741765,0.0}
   []
  }
 ]
 [
 ]
 {0.0,0.0,-1.00000000000000}
 {0.0,0.0,0.0}
 0.0
}
\end{data}
\end{record}

\begin{record}{"#24"}
\begin{data}
simulationResult:{
 [
  {
   {{0.96654064984199,0.0,0.25651349321825}{0.0,1.00000000000000,0.0}{-0.25651349321825,0.0,0.96654064984199}}
   {0.0,0.20051458406565,0.0}
   {0.0,5.01286460164116,0.0}
   {0.0,1.28256746611011,0.0}
   []
  }
  {
   {{0.83891488728562,0.0,0.54426263135599}{0.0,1.00000000000000,0.0}{-0.54426263135599,0.0,0.83891488728562}}
   {0.0,0.36819282300752,0.0}
   {0.0,9.20482057518804,0.0}
   {0.0,2.72131315681897,0.0}
   []
  }
  {
   {{0.53940766241964,0.0,0.84204475755329}{0.0,1.00000000000000,0.0}{-0.84204475755329,0.0,0.53940766241964}}
   {0.0,0.46450303009545,0.0}
   {0.0,11.6125757523863,0.0}
   {0.0,4.21022378780015,0.0}
   []
  }
  {
   {{-4.93294709361836e-03,0.0,0.99998783294247}{0.0,1.00000000000000,0.0}{-0.99998783294247,0.0,-4.93294709361836e-03}}
   {0.0,0.44500204624535,0.0}
   {0.0,11.1250511561339,0.0}
   {0.0,4.99993916471213,0.0}
   []
  }
  {
   {{-0.67088976096492,0.0,0.74155709735154}{0.0,1.00000000000000,0.0}{-0.74155709735154,0.0,-0.67088976096492}}
   {0.0,0.27938191982984,0.0}
   {0.0,6.98454799574604,0.0}
   {0.0,3.70778548676208,0.0}
   []
  }
 ]
 [
 ]
 {0.0,0.0,-1.00000000000000}
 {0.0,0.0,0.0}
 0.0
}
\end{data}
\end{record}

\begin{record}{"#25"}
\begin{data}
simulationResult:{
 [
  {
   {{0.97154871845446,0.0,0.23683979325592}{0.0,1.00000000000000,0.0}{-0.23683979325592,0.0,0.97154871845446}}
   {0.0,0.20544908339539,0.0}
   {0.0,5.13622708488480,0.0}
   {0.0,1.18419896629925,0.0}
   []
  }
  {
   {{0.85865488092024,0.0,0.51255418783953}{0.0,1.00000000000000,0.0}{-0.51255418783953,0.0,0.85865488092024}}
   {0.0,0.37876371574914,0.0}
   {0.0,9.46909289372853,0.0}
   {0.0,2.56277093924033,0.0}
   []
  }
  {
   {{0.57860499674824,0.0,0.81560790686332}{0.0,1.00000000000000,0.0}{-0.81560790686332,0.0,0.57860499674824}}
   {0.0,0.48108419086403,0.0}
   {0.0,12.0271047716007,0.0}
   {0.0,4.07803953435678,0.0}
   []
  }
  {
   {{4.05560039342352e-02,0.0,0.99917726682751}{0.0,1.00000000000000,0.0}{-0.99917726682751,0.0,4.05560039342352e-02}}
   {0.0,0.46499720598483,0.0}
   {0.0,11.6249301496206,0.0}
   {0.0,4.99588633413926,0.0}
   []
  }
  {
   {{-0.64934433427672,0.0,0.76049453353902}{0.0,1.00000000000000,0.0}{-0.76049453353902,0.0,-0.64934433427672}}
   {0.0,0.29440181351868,0.0}
   {0.0,7.36004533796704,0.0}
   {0.0,3.80247266769854,0.0}
   []
  }
 ]
 [
 ]
 {0.0,0.0,-1.00000000000000}
 {0.0,0.0,0.0}
 0.0
}
\end{data}
\end{record}

\begin{record}{"#26"}
\begin{data}
simulationResult:{
 [
  {
   {{0.97625906879577,0.0,0.21660616471841}{0.0,1.00000000000000,0.0}{-0.21660616471841,0.0,0.97625906879577}}
   {0.0,0.20998444229164,0.0}
   {0.0,5.24961105729103,0.0}
   {0.0,1.08303082361251,0.0}
   []
  }
  {
   {{0.87768856736808,0.0,0.47923144587074}{0.0,1.00000000000000,0.0}{-0.47923144587074,0.0,0.87768856736808}}
   {0.0,0.38868422523590,0.0}
   {0.0,9.71710563089753,0.0}
   {0.0,2.39615722940008,0.0}
   []
  }
  {
   {{0.61779209584827,0.0,0.78634148199583}{0.0,1.00000000000000,0.0}{-0.78634148199583,0.0,0.61779209584827}}
   {0.0,0.49710847743657,0.0}
   {0.0,12.4277119359143,0.0}
   {0.0,3.93170741002648,0.0}
   []
  }
  {
   {{8.79514205217128e-02,0.0,0.99612476509131}{0.0,1.00000000000000,0.0}{-0.99612476509131,0.0,8.79514205217128e-02}}
   {0.0,0.48495419186629,0.0}
   {0.0,12.1238547966572,0.0}
   {0.0,4.98062382546099,0.0}
   []
  }
  {
   {{-0.62607928288462,0.0,0.77975940619058}{0.0,1.00000000000000,0.0}{-0.77975940619058,0.0,-0.62607928288462}}
   {0.0,0.30980388693483,0.0}
   {0.0,7.74509717337072,0.0}
   {0.0,3.89879703095527,0.0}
   []
  }
 ]
 [
 ]
 {0.0,0.0,-1.00000000000000}
 {0.0,0.0,0.0}
 0.0
}
\end{data}
\end{record}

\begin{record}{"#27"}
\begin{data}
simulationResult:{
 [
  {
   {{0.98063299986462,0.0,0.19585433254469}{0.0,1.00000000000000,0.0}{-0.19585433254469,0.0,0.98063299986462}}
   {0.0,0.21410987467203,0.0}
   {0.0,5.35274686680066,0.0}
   {0.0,0.97927166274460,0.0}
   []
  }
  {
   {{0.89585587710607,0.0,0.44434473942481}{0.0,1.00000000000000,0.0}{-0.44434473942481,0.0,0.89585587710607}}
   {0.0,0.39792254377257,0.0}
   {0.0,9.94806359431413,0.0}
   {0.0,2.22172369717415,0.0}
   []
  }
  {
   {{0.65668784549674,0.0,0.75416249812414}{0.0,1.00000000000000,0.0}{-0.75416249812414,0.0,0.65668784549674}}
   {0.0,0.51251842717964,0.0}
   {0.0,12.8129606794911,0.0}
   {0.0,3.77081249067586,0.0}
   []
  }
  {
   {{0.13712173622915,0.0,0.99055420318805}{0.0,1.00000000000000,0.0}{-0.99055420318805,0.0,0.13712173622915}}
   {0.0,0.50482540991085,0.0}
   {0.0,12.6206352477713,0.0}
   {0.0,4.95277101594831,0.0}
   []
  }
  {
   {{-0.60099725201543,0.0,0.79925108887627}{0.0,1.00000000000000,0.0}{-0.79925108887627,0.0,-0.60099725201543}}
   {0.0,0.32559370495696,0.0}
   {0.0,8.13984262392405,0.0}
   {0.0,3.99625544438250,0.0}
   []
  }
 ]
 [
 ]
 {0.0,0.0,-1.00000000000000}
 {0.0,0.0,0.0}
 0.0
}
\end{data}
\end{record}

\begin{record}{"#28"}
\begin{data}
simulationResult:{
 [
  {
   {{0.98463433714926,0.0,0.17462881236109}{0.0,1.00000000000000,0.0}{-0.17462881236109,0.0,0.98463433714926}}
   {0.0,0.21781545708679,0.0}
   {0.0,5.44538642716975,0.0}
   {0.0,0.87314406182727,0.0}
   []
  }
  {
   {{0.91299998600493,0.0,0.40795958813955}{0.0,1.00000000000000,0.0}{-0.40795958813955,0.0,0.91299998600493}}
   {0.0,0.40644802177151,0.0}
   {0.0,10.1612005442877,0.0}
   {0.0,2.03979794075148,0.0}
   []
  }
  {
   {{0.69499505517823,0.0,0.71901451534570}{0.0,1.00000000000000,0.0}{-0.71901451534570,0.0,0.69499505517823}}
   {0.0,0.52725517737742,0.0}
   {0.0,13.1813794344354,0.0}
   {0.0,3.59507257679205,0.0}
   []
  }
  {
   {{0.18790200499764,0.0,0.98218778068039}{0.0,1.00000000000000,0.0}{-0.98218778068039,0.0,0.18790200499764}}
   {0.0,0.52455772036932,0.0}
   {0.0,13.1139430092330,0.0}
   {0.0,4.91093890341471,0.0}
   []
  }
  {
   {{-0.57400057168135,0.0,0.81885489783568}{0.0,1.00000000000000,0.0}{-0.81885489783568,0.0,-0.57400057168135}}
   {0.0,0.34177468139292,0.0}
   {0.0,8.54436703482306,0.0}
   {0.0,4.09427448917824,0.0}
   []
  }
 ]
 [
 ]
 {0.0,0.0,-1.00000000000000}
 {0.0,0.0,0.0}
 0.0
}
\end{data}
\end{record}

\begin{record}{"#29"}
\begin{data}
simulationResult:{
 [
  {
   {{0.98822978728862,0.0,0.15297675482078}{0.0,1.00000000000000,0.0}{-0.15297675482078,0.0,0.98822978728862}}
   {0.0,0.22109218304063,0.0}
   {0.0,5.52730457601572,0.0}
   {0.0,0.76488377412634,0.0}
   []
  }
  {
   {{0.92896928334580,0.0,0.37015681892948}{0.0,1.00000000000000,0.0}{-0.37015681892948,0.0,0.92896928334580}}
   {0.0,0.41423147313829,0.0}
   {0.0,10.3557868284573,0.0}
   {0.0,1.85078409470466,0.0}
   []
  }
  {
   {{0.73240334482320,0.0,0.68087101604620}{0.0,1.00000000000000,0.0}{-0.68087101604620,0.0,0.73240334482320}}
   {0.0,0.54125903034433,0.0}
   {0.0,13.5314757586081,0.0}
   {0.0,3.40435508030346,0.0}
   []
  }
  {
   {{0.24009147329686,0.0,0.97075026883856}{0.0,1.00000000000000,0.0}{-0.97075026883856,0.0,0.24009147329686}}
   {0.0,0.54409244556302,0.0}
   {0.0,13.6023111390754,0.0}
   {0.0,4.85375134421146,0.0}
   []
  }
  {
   {{-0.54499256505890,0.0,0.83844087688430}{0.0,1.00000000000000,0.0}{-0.83844087688430,0.0,-0.54499256505890}}
   {0.0,0.35834778566389,0.0}
   {0.0,8.95869464159725,0.0}
   {0.0,4.19220438441994,0.0}
   []
  }
 ]
 [
 ]
 {0.0,0.0,-1.00000000000000}
 {0.0,0.0,0.0}
 0.0
}
\end{data}
\end{record}

\begin{record}{"#30"}
\begin{data}
simulationResult:{
 [
  {
   {{0.99138927081559,0.0,0.13094775183921}{0.0,1.00000000000000,0.0}{-0.13094775183921,0.0,0.99138927081559}}
   {0.0,0.22393201381772,0.0}
   {0.0,5.59830034544295,0.0}
   {0.0,0.65473875921900,0.0}
   []
  }
  {
   {{0.94361938666429,0.0,0.33103240492633}{0.0,1.00000000000000,0.0}{-0.33103240492633,0.0,0.94361938666429}}
   {0.0,0.42124548029114,0.0}
   {0.0,10.5311370072786,0.0}
   {0.0,1.65516202469225,0.0}
   []
  }
  {
   {{0.76859268238792,0.0,0.63973845326019}{0.0,1.00000000000000,0.0}{-0.63973845326019,0.0,0.76859268238792}}
   {0.0,0.55447008301185,0.0}
   {0.0,13.8617520752963,0.0}
   {0.0,3.19869226638269,0.0}
   []
  }
  {
   {{0.29345163013156,0.0,0.95597392264283}{0.0,1.00000000000000,0.0}{-0.95597392264283,0.0,0.29345163013156}}
   {0.0,0.56336546934705,0.0}
   {0.0,14.0841367336763,0.0}
   {0.0,4.77986961323997,0.0}
   []
  }
  {
   {{-0.51387911400537,0.0,0.85786260915665}{0.0,1.00000000000000,0.0}{-0.85786260915665,0.0,-0.51387911400537}}
   {0.0,0.37531122540050,0.0}
   {0.0,9.38278063501254,0.0}
   {0.0,4.28931304578020,0.0}
   []
  }
 ]
 [
 ]
 {0.0,0.0,-1.00000000000000}
 {0.0,0.0,0.0}
 0.0
}
\end{data}
\end{record}

\begin{record}{"#31"}
\begin{data}
simulationResult:{
 [
  {
