\include {"pem1_3_def.udf"}


\begin{data}
body[]:[
 {
  0,
  [
   {
    {0.0,0.0,-5.00000000000000}
    1.00000000000000,
    "sphere",
    {0.50000000000000}
    {0.60000000000000,0.25000000000000,{0.0,0.0,1.00000000000000}}
    {0.0,0.0,0.0,{0.0,0.0,0.0}{0.0,0.0,0.0}}
    {0.0,0.0,0.0,{0.0,0.0,0.0}{0.0,0.0,0.0}}
    {
     []
     [
     ]
    }
    {0.0,{0.0,0.0,0.0}}
   }
   {
    {0.0,0.0,-2.50000000000000}
    0.0,
    "line",
    {0.0}
    {0.0,0.0,{0.0,0.0,0.0}}
    {0.0,0.0,0.0,{0.0,0.0,0.0}{0.0,0.0,0.0}}
    {0.0,0.0,0.0,{0.0,0.0,0.0}{0.0,0.0,0.0}}
    {
     []
     [
     ]
    }
    {2.50000000000000,{0.0,0.0,1.00000000000000}}
   }
  ]
  []
  [{1.00000000000000,0.0,0.0,1.00000000000000}{0.0,0.0,0.0,1.00000000000000}]
  {1.00000000000000,{0.0,0.0,-5.00000000000000}{25.1000000000000,25.1000000000000,1.00000000000000e-01,0.0,0.0,0.0}}
 }
]
simulation:{
 {100000,100,1.00000000000000e-03}
 {{-7.50000000000000,-7.50000000000000,-7.50000000000000}{7.50000000000000,15.0000000000000,0.0}}
 "4thOrderRungeKutta",
 "false",
 [{0,{0.0,0.0,0.0}{{0.86602540378444,0.0,0.50000000000000}{0.0,1.00000000000000,0.0}{-0.50000000000000,0.0,0.86602540378444}}{0.0,0.0,0.0}{"false",{0.0,0.0,0.0}}}{0,{0.0,3.00000000000000,0.0}{{0.50000000000000,0.0,0.86602540378444}{0.0,1.00000000000000,0.0}{-0.86602540378444,0.0,0.50000000000000}}{0.0,0.0,0.0}{"false",{0.0,0.0,0.0}}}{0,{0.0,6.00000000000000,0.0}{{6.12323399573677e-17,0.0,1.00000000000000}{0.0,1.00000000000000,0.0}{-1.00000000000000,0.0,6.12323399573677e-17}}{0.0,0.0,0.0}{"false",{0.0,0.0,0.0}}}{0,{0.0,9.00000000000000,0.0}{{-0.50000000000000,0.0,0.86602540378444}{0.0,1.00000000000000,0.0}{-0.86602540378444,0.0,-0.50000000000000}}{0.0,0.0,0.0}{"false",{0.0,0.0,0.0}}}{0,{0.0,12.0000000000000,0.0}{{-0.86602540378444,0.0,0.50000000000000}{0.0,1.00000000000000,0.0}{-0.50000000000000,0.0,-0.86602540378444}}{0.0,0.0,0.0}{"false",{0.0,0.0,0.0}}}]
 []
 {0.0,0.0,-1.00000000000000}
 {"false",{{0.0,0.0,0.0}}{0.0,{0.0,0.0,0.0}{0.0,0.0,0.0}}}
 10.0000000000000,
 {"false",0.0}
}
\end{data}

\begin{record}{"#0"}
\begin{data}
simulationResult:{
 [
  {
   {{0.86602540378444,0.0,0.50000000000000}{0.0,1.00000000000000,0.0}{-0.50000000000000,0.0,0.86602540378444}}
   {0.0,0.0,0.0}
   {0.0,0.0,0.0}
   {0.0,0.0,0.0}
   []
  }
  {
   {{0.50000000000000,0.0,0.86602540378444}{0.0,1.00000000000000,0.0}{-0.86602540378444,0.0,0.50000000000000}}
   {0.0,0.0,0.0}
   {0.0,0.0,0.0}
   {0.0,0.0,0.0}
   []
  }
  {
   {{6.12323399573677e-17,0.0,1.00000000000000}{0.0,1.00000000000000,0.0}{-1.00000000000000,0.0,6.12323399573677e-17}}
   {0.0,0.0,0.0}
   {0.0,0.0,0.0}
   {0.0,0.0,0.0}
   []
  }
  {
   {{-0.50000000000000,0.0,0.86602540378444}{0.0,1.00000000000000,0.0}{-0.86602540378444,0.0,-0.50000000000000}}
   {0.0,0.0,0.0}
   {0.0,0.0,0.0}
   {0.0,0.0,0.0}
   []
  }
  {
   {{-0.86602540378444,0.0,0.50000000000000}{0.0,1.00000000000000,0.0}{-0.50000000000000,0.0,-0.86602540378444}}
   {0.0,0.0,0.0}
   {0.0,0.0,0.0}
   {0.0,0.0,0.0}
   []
  }
 ]
 [
 ]
 {0.0,0.0,-1.00000000000000}
 {0.0,0.0,0.0}
 0.0
}
\end{data}
\end{record}

\begin{record}{"#1"}
\begin{data}
simulationResult:{
 [
  {
   {{0.86627426459933,0.0,0.49956871248396}{0.0,1.00000000000000,0.0}{-0.49956871248396,0.0,0.86627426459933}}
   {0.0,9.95729556748732e-03,0.0}
   {0.0,0.24992811874393,0.0}
   {0.0,2.49784356242041,0.0}
   []
  }
  {
   {{0.50074676386208,0.0,0.86559382996973}{0.0,1.00000000000000,0.0}{-0.86559382996973,0.0,0.50074676386208}}
   {0.0,1.72486371316324e-02,0.0}
   {0.0,0.43294079200397,0.0}
   {0.0,4.32796914984898,0.0}
   []
  }
  {
   {{9.96015738635995e-04,0.0,0.99999950397620}{0.0,1.00000000000000,0.0}{-0.99999950397620,0.0,9.96015738635995e-04}}
   {0.0,1.99203167489090e-02,0.0}
   {0.0,0.49999995039762,0.0}
   {0.0,4.99999751988101,0.0}
   []
  }
  {
   {{-0.49925274011414,0.0,0.86645640484015}{0.0,1.00000000000000,0.0}{-0.86645640484015,0.0,-0.49925274011414}}
   {0.0,1.72543647212974e-02,0.0}
   {0.0,0.43308455450456,0.0}
   {0.0,4.33228202420111,0.0}
   []
  }
  {
   {{-0.86577625659004,0.0,0.50043128751602}{0.0,1.00000000000000,0.0}{-0.50043128751602,0.0,-0.86577625659004}}
   {0.0,9.96302315761222e-03,0.0}
   {0.0,0.25007188125607,0.0}
   {0.0,2.50215643758072,0.0}
   []
  }
 ]
 [
 ]
 {0.0,0.0,-1.00000000000000}
 {0.0,0.0,0.0}
 0.0
}
\end{data}
\end{record}

\begin{record}{"#2"}
\begin{data}
simulationResult:{
 [
  {
   {{0.86701913000332,0.0,0.49827485207292}{0.0,1.00000000000000,0.0}{-0.49827485207292,0.0,0.86701913000332}}
   {0.0,1.98974083767658e-02,0.0}
   {0.0,0.49942495025682,0.0}
   {0.0,2.49137426036582,0.0}
   []
  }
  {
   {{0.50298407462298,0.0,0.86429567896390}{0.0,1.00000000000000,0.0}{-0.86429567896390,0.0,0.50298407462298}}
   {0.0,3.44800573054356e-02,0.0}
   {0.0,0.86544943836643,0.0}
   {0.0,4.32147839482020,0.0}
   []
  }
  {
   {{3.98405109742610e-03,0.0,0.99999206363693}{0.0,1.00000000000000,0.0}{-0.99999206363693,0.0,3.98405109742610e-03}}
   {0.0,3.98405742121796e-02,0.0}
   {0.0,0.99999841272571,0.0}
   {0.0,4.99996031818467,0.0}
   []
  }
  {
   {{-0.49700798901815,0.0,0.86774596446894}{0.0,1.00000000000000,0.0}{-0.86774596446894,0.0,-0.49700798901815}}
   {0.0,3.45258779432065e-02,0.0}
   {0.0,0.86659953637448,0.0}
   {0.0,4.33872982234541,0.0}
   []
  }
  {
   {{-0.86502709549589,0.0,0.50172514792258}{0.0,1.00000000000000,0.0}{-0.50172514792258,0.0,-0.86502709549589}}
   {0.0,1.99432290734134e-02,0.0}
   {0.0,0.50057504974268,0.0}
   {0.0,2.50862573961415,0.0}
   []
  }
 ]
 [
 ]
 {0.0,0.0,-1.00000000000000}
 {0.0,0.0,0.0}
 0.0
}
\end{data}
\end{record}

\begin{record}{"#3"}
\begin{data}
simulationResult:{
 [
  {
   {{0.86825485631044,0.0,0.49611843796954}{0.0,1.00000000000000,0.0}{-0.49611843796954,0.0,0.86825485631044}}
   {0.0,2.98031558397449e-02,0.0}
   {0.0,0.74805921157760,0.0}
   {0.0,2.48059218984957,0.0}
   []
  }
  {
   {{0.50670296187347,0.0,0.86212070409465}{0.0,1.00000000000000,0.0}{-0.86212070409465,0.0,0.50670296187347}}
   {0.0,5.16769072065529e-02,0.0}
   {0.0,1.29709037088448,0.0}
   {0.0,4.31060352047436,0.0}
   []
  }
  {
   {{8.96399936353436e-03,0.0,0.99995982255059}{0.0,1.00000000000000,0.0}{-0.99995982255059,0.0,8.96399936353436e-03}}
   {0.0,5.97604759641677e-02,0.0}
   {0.0,1.49998794670061,0.0}
   {0.0,4.99979911275296,0.0}
   []
  }
  {
   {{-0.49325686078474,0.0,0.86988371021004}{0.0,1.00000000000000,0.0}{-0.86988371021004,0.0,-0.49325686078474}}
   {0.0,5.18315506956409e-02,0.0}
   {0.0,1.30097192246059,0.0}
   {0.0,4.34941855105122,0.0}
   []
  }
  {
   {{-0.86377275458418,0.0,0.50388156191515}{0.0,1.00000000000000,0.0}{-0.50388156191515,0.0,-0.86377275458418}}
   {0.0,2.99578003347882e-02,0.0}
   {0.0,0.75194078840318,0.0}
   {0.0,2.51940780957761,0.0}
   []
  }
 ]
 [
 ]
 {0.0,0.0,-1.00000000000000}
 {0.0,0.0,0.0}
 0.0
}
\end{data}
\end{record}

\begin{record}{"#4"}
\begin{data}
simulationResult:{
 [
  {
   {{0.86997289559877,0.0,0.49309954463931}{0.0,1.00000000000000,0.0}{-0.49309954463931,0.0,0.86997289559877}}
   {0.0,3.96573562170136e-02,0.0}
   {0.0,0.99539964104704,0.0}
   {0.0,2.46549772319905,0.0}
   []
  }
  {
   {{0.51188838273080,0.0,0.85905196794213}{0.0,1.00000000000000,0.0}{-0.85905196794213,0.0,0.51188838273080}}
   {0.0,6.88215624820514e-02,0.0}
   {0.0,1.72742121829949,0.0}
   {0.0,4.29525983971220,0.0}
   []
  }
  {
   {{1.59354455597664e-02,0.0,0.99987302272579}{0.0,1.00000000000000,0.0}{-0.99987302272579,0.0,1.59354455597664e-02}}
   {0.0,7.96792513239197e-02,0.0}
   {0.0,1.99994920823039,0.0}
   {0.0,4.99936511362896,0.0}
   []
  }
  {
   {{-0.48798464106994,0.0,0.87285221548659}{0.0,1.00000000000000,0.0}{-0.87285221548659,0.0,-0.48798464106994}}
   {0.0,6.91881174022321e-02,0.0}
   {0.0,1.73662174679602,0.0}
   {0.0,4.36426107743423,0.0}
   []
  }
  {
   {{-0.86200459947888,0.0,0.50690045420896}{0.0,1.00000000000000,0.0}{-0.50690045420896,0.0,-0.86200459947888}}
   {0.0,4.00239186731878e-02,0.0}
   {0.0,1.00460035869701,0.0}
   {0.0,2.53450227104723,0.0}
   []
  }
 ]
 [
 ]
 {0.0,0.0,-1.00000000000000}
 {0.0,0.0,0.0}
 0.0
}
\end{data}
\end{record}

\begin{record}{"#5"}
\begin{data}
simulationResult:{
 [
  {
   {{0.87216133339085,0.0,0.48921836488207}{0.0,1.00000000000000,0.0}{-0.48921836488207,0.0,0.87216133339085}}
   {0.0,4.94428303062313e-02,0.0}
   {0.0,1.24101504068641,0.0}
   {0.0,2.44609182441352,0.0}
   []
  }
  {
   {{0.51851908672645,0.0,0.85506605399839}{0.0,1.00000000000000,0.0}{-0.85506605399839,0.0,0.51851908672645}}
   {0.0,8.58959964245799e-02,0.0}
   {0.0,2.15598951025696,0.0}
   {0.0,4.27533026999398,0.0}
   []
  }
  {
   {{2.48973108636147e-02,0.0,0.99969001391019}{0.0,1.00000000000000,0.0}{-0.99969001391019,0.0,2.48973108636147e-02}}
   {0.0,9.95954183485453e-02,0.0}
   {0.0,2.49984500054849,0.0}
   {0.0,4.99845006955098,0.0}
   []
  }
  {
   {{-0.48117093359084,0.0,0.87662679212269}{0.0,1.00000000000000,0.0}{-0.87662679212269,0.0,-0.48117093359084}}
   {0.0,8.66118934288464e-02,0.0}
   {0.0,2.17395852506404,0.0}
   {0.0,4.38313396061498,0.0}
   []
  }
  {
   {{-0.85971049094389,0.0,0.51078162825322}{0.0,1.00000000000000,0.0}{-0.51078162825322,0.0,-0.85971049094389}}
   {0.0,5.01587632432951e-02,0.0}
   {0.0,1.25898495740671,0.0}
   {0.0,2.55390814126911,0.0}
   []
  }
 ]
 [
 ]
 {0.0,0.0,-1.00000000000000}
 {0.0,0.0,0.0}
 0.0
}
\end{data}
\end{record}

\begin{record}{"#6"}
\begin{data}
simulationResult:{
 [
  {
   {{0.87480494208753,0.0,0.48447529689266}{0.0,1.00000000000000,0.0}{-0.48447529689266,0.0,0.87480494208753}}
   {0.0,5.91424046276217e-02,0.0}
   {0.0,1.48447435615330,0.0}
   {0.0,2.42237648446710,0.0}
   []
  }
  {
   {{0.52656743303428,0.0,0.85013336510673}{0.0,1.00000000000000,0.0}{-0.85013336510673,0.0,0.52656743303428}}
   {0.0,0.10288165373385,0.0}
   {0.0,2.58232950871962,0.0}
   {0.0,4.25066682553623,0.0}
   []
  }
  {
   {{3.58473551700523e-02,0.0,0.99935727701724}{0.0,1.00000000000000,0.0}{-0.99935727701724,0.0,3.58473551700523e-02}}
   {0.0,0.11950654713774,0.0}
   {0.0,2.99961433315736,0.0}
   {0.0,4.99678638508624,0.0}
   []
  }
  {
   {{-0.47278987153144,0.0,0.88117520242985}{0.0,1.00000000000000,0.0}{-0.88117520242985,0.0,-0.47278987153144}}
   {0.0,0.10411862769406,0.0}
   {0.0,2.61337755512088,0.0}
   {0.0,4.40587601215096,0.0}
   []
  }
  {
   {{-0.85687473467155,0.0,0.51552467359144}{0.0,1.00000000000000,0.0}{-0.51552467359144,0.0,-0.85687473467155}}
   {0.0,6.03795073309897e-02,0.0}
   {0.0,1.51552563400784,0.0}
   {0.0,2.57762336796079,0.0}
   []
  }
 ]
 [
 ]
 {0.0,0.0,-1.00000000000000}
 {0.0,0.0,0.0}
 0.0
}
\end{data}
\end{record}

\begin{record}{"#7"}
\begin{data}
simulationResult:{
 [
  {
   {{0.87788525079992,0.0,0.47887105407193}{0.0,1.00000000000000,0.0}{-0.47887105407193,0.0,0.87788525079992}}
   {0.0,6.87389165726889e-02,0.0}
   {0.0,1.72534680597449,0.0}
   {0.0,2.39435527036413,0.0}
   []
  }
  {
   {{0.53599916643936,0.0,0.84421851056246}{0.0,1.00000000000000,0.0}{-0.84421851056246,0.0,0.53599916643936}}
   {0.0,0.11975933110284,0.0}
   {0.0,3.00595921068132,0.0}
   {0.0,4.22109255281556,0.0}
   []
  }
  {
   {{4.87815385719847e-02,0.0,0.99880947206890}{0.0,1.00000000000000,0.0}{-0.99880947206890,0.0,4.87815385719847e-02}}
   {0.0,0.13940902382950,0.0}
   {0.0,3.49916649812039,0.0}
   {0.0,4.99404736034457,0.0}
   []
  }
  {
   {{-0.46281040017690,0.0,0.88645729366287}{0.0,1.00000000000000,0.0}{-0.88645729366287,0.0,-0.46281040017690}}
   {0.0,0.12172334876556,0.0}
   {0.0,3.05525605401555,0.0}
   {0.0,4.43228646831617,0.0}
   []
  }
  {
   {{-0.85347801805042,0.0,0.52112884462935}{0.0,1.00000000000000,0.0}{-0.52112884462935,0.0,-0.85347801805042}}
   {0.0,7.07033129334642e-02,0.0}
   {0.0,1.77465315462995,0.0}
   {0.0,2.60564422315090,0.0}
   []
  }
 ]
 [
 ]
 {0.0,0.0,-1.00000000000000}
 {0.0,0.0,0.0}
 0.0
}
\end{data}
\end{record}

\begin{record}{"#8"}
\begin{data}
simulationResult:{
 [
  {
   {{0.88138063235721,0.0,0.47240679599853}{0.0,1.00000000000000,0.0}{-0.47240679599853,0.0,0.88138063235721}}
   {0.0,7.82152219540974e-02,0.0}
   {0.0,1.96320207104784,0.0}
   {0.0,2.36203397999786,0.0}
   []
  }
  {
   {{0.54677316028624,0.0,0.83728078396115}{0.0,1.00000000000000,0.0}{-0.83728078396115,0.0,0.54677316028624}}
   {0.0,0.13650906641553,0.0}
   {0.0,3.42637756702992,0.0}
   {0.0,4.18640391980970,0.0}
   []
  }
  {
   {{6.36932433202158e-02,0.0,0.99796952396120}{0.0,1.00000000000000,0.0}{-0.99796952396120,0.0,6.36932433202158e-02}}
   {0.0,0.15929781590304,0.0}
   {0.0,3.99837517916642,0.0}
   {0.0,4.98984761980618,0.0}
   []
  }
  {
   {{-0.45119663881291,0.0,0.89242455878574}{0.0,1.00000000000000,0.0}{-0.89242455878574,0.0,-0.45119663881291}}
   {0.0,0.13944020293323,0.0}
   {0.0,3.49994909362396,0.0}
   {0.0,4.46212279393057,0.0}
   []
  }
  {
   {{-0.84949733498105,0.0,0.52759290922082}{0.0,1.00000000000000,0.0}{-0.52759290922082,0.0,-0.84949733498105}}
   {0.0,8.11473226266705e-02,0.0}
   {0.0,2.03679779792943,0.0}
   {0.0,2.63796454610879,0.0}
   []
  }
 ]
 [
 ]
 {0.0,0.0,-1.00000000000000}
 {0.0,0.0,0.0}
 0.0
}
\end{data}
\end{record}

\begin{record}{"#9"}
\begin{data}
simulationResult:{
 [
  {
   {{0.88526640836354,0.0,0.46508427862390}{0.0,1.00000000000000,0.0}{-0.46508427862390,0.0,0.88526640836354}}
   {0.0,8.75542053595191e-02,0.0}
   {0.0,2.19761055452393,0.0}
   {0.0,2.32542139312543,0.0}
   []
  }
  {
   {{0.55884113647383,0.0,0.82927473383954}{0.0,1.00000000000000,0.0}{-0.82927473383954,0.0,0.55884113647383}}
   {0.0,0.15311003838454,0.0}
   {0.0,3.84306196345191,0.0}
   {0.0,4.14637366920248,0.0}
   []
  }
  {
   {{8.05723590340102e-02,0.0,0.99674876220625}{0.0,1.00000000000000,0.0}{-0.99674876220625,0.0,8.05723590340102e-02}}
   {0.0,0.17916623969881,0.0}
   {0.0,4.49707261644022,0.0}
   {0.0,4.98374381103155,0.0}
   []
  }
  {
   {{-0.43790833159544,0.0,0.89901962888432}{0.0,1.00000000000000,0.0}{-0.89901962888432,0.0,-0.43790833159544}}
   {0.0,0.15728228284153,0.0}
   {0.0,3.94778529932233,0.0}
   {0.0,4.49509814442340,0.0}
   []
  }
  {
   {{-0.84490590012992,0.0,0.53491496513526}{0.0,1.00000000000000,0.0}{-0.53491496513526,0.0,-0.84490590012992}}
   {0.0,9.17286481001420e-02,0.0}
   {0.0,2.30238906731356,0.0}
   {0.0,2.67457482568146,0.0}
   []
  }
 ]
 [
 ]
 {0.0,0.0,-1.00000000000000}
 {0.0,0.0,0.0}
 0.0
}
\end{data}
\end{record}

\begin{record}{"#10"}
\begin{data}
simulationResult:{
 [
  {
   {{0.88951497322838,0.0,0.45690602141196}{0.0,1.00000000000000,0.0}{-0.45690602141196,0.0,0.88951497322838}}
   {0.0,9.67387936702460e-02,0.0}
   {0.0,2.42814372112317,0.0}
   {0.0,2.28453010706649,0.0}
   []
  }
  {
   {{0.57214737435923,0.0,0.82015082881982}{0.0,1.00000000000000,0.0}{-0.82015082881982,0.0,0.57214737435923}}
   {0.0,0.16954047849495,0.0}
   {0.0,4.25546601022326,0.0}
   {0.0,4.10075414410487,0.0}
   []
  }
  {
   {{9.94042356505800e-02,0.0,0.99504713352420}{0.0,1.00000000000000,0.0}{-0.99504713352420,0.0,9.94042356505800e-02}}
   {0.0,0.19900573141417,0.0}
   {0.0,4.99504385849569,0.0}
   {0.0,4.97523566762148,0.0}
   []
  }
  {
   {{-0.42290139866002,0.0,0.90617570427120}{0.0,1.00000000000000,0.0}{-0.90617570427120,0.0,-0.42290139866002}}
   {0.0,0.17526144538670,0.0}
   {0.0,4.39906227920617,0.0}
   {0.0,4.53087852135763,0.0}
   []
  }
  {
   {{-0.83967305438578,0.0,0.54309222213032}{0.0,1.00000000000000,0.0}{-0.54309222213032,0.0,-0.83967305438578}}
   {0.0,0.10246435469727,0.0}
   {0.0,2.57185530290141,0.0}
   {0.0,2.71546111065721,0.0}
   []
  }
 ]
 [
 ]
 {0.0,0.0,-1.00000000000000}
 {0.0,0.0,0.0}
 0.0
}
\end{data}
\end{record}

\begin{record}{"#11"}
\begin{data}
simulationResult:{
 [
  {
   {{0.89409593809593,0.0,0.44787548881397}{0.0,1.00000000000000,0.0}{-0.44787548881397,0.0,0.89409593809593}}
   {0.0,0.10575197305666,0.0}
   {0.0,2.65437452372215,0.0}
   {0.0,2.23937744407729,0.0}
   []
  }
  {
   {{0.58662842216193,0.0,0.80985621829545}{0.0,1.00000000000000,0.0}{-0.80985621829545,0.0,0.58662842216193}}
   {0.0,0.18577759714874,0.0}
   {0.0,4.66301768843342,0.0}
   {0.0,4.04928109148411,0.0}
   []
  }
  {
   {{0.12016851090602,0.0,0.99275350867505}{0.0,1.00000000000000,0.0}{-0.99275350867505,0.0,0.12016851090602}}
   {0.0,0.21880562323526,0.0}
   {0.0,5.49202114320499,0.0}
   {0.0,4.96376754337605,0.0}
   []
  }
  {
   {{-0.40612860014727,0.0,0.91381593340367}{0.0,1.00000000000000,0.0}{-0.91381593340367,0.0,-0.40612860014727}}
   {0.0,0.19338811774448,0.0}
   {0.0,4.85404175538642,0.0}
   {0.0,4.56907966701977,0.0}
   []
  }
  {
   {{-0.83376416371951,0.0,0.55212074702651}{0.0,1.00000000000000,0.0}{-0.55212074702651,0.0,-0.83376416371951}}
   {0.0,0.11337144125046,0.0}
   {0.0,2.84562317538655,0.0}
   {0.0,2.76060373513856,0.0}
   []
  }
 ]
 [
 ]
 {0.0,0.0,-1.00000000000000}
 {0.0,0.0,0.0}
 0.0
}
\end{data}
\end{record}

\begin{record}{"#12"}
\begin{data}
simulationResult:{
 [
  {
   {{0.89897629554453,0.0,0.43799728315258}{0.0,1.00000000000000,0.0}{-0.43799728315258,0.0,0.89897629554453}}
   {0.0,0.11457680970748,0.0}
   {0.0,2.87587792365780,0.0}
   {0.0,2.18998641577111,0.0}
   []
  }
  {
   {{0.60221282607805,0.0,0.79833558865122}{0.0,1.00000000000000,0.0}{-0.79833558865122,0.0,0.60221282607805}}
   {0.0,0.20179752591486,0.0}
   {0.0,5.06511790046293,0.0}
   {0.0,3.99167794326421,0.0}
   []
  }
  {
   {{0.14283782209787,0.0,0.98974610712967}{0.0,1.00000000000000,0.0}{-0.98974610712967,0.0,0.14283782209787}}
   {0.0,0.23855292671391,0.0}
   {0.0,5.98767846051920,0.0}
   {0.0,4.94873053564956,0.0}
   []
  }
  {
   {{-0.38754032700459,0.0,0.92185275122721}{0.0,1.00000000000000,0.0}{-0.92185275122721,0.0,-0.38754032700459}}
   {0.0,0.21167109059997,0.0}
   {0.0,5.31294437405921,0.0}
   {0.0,4.60926375613715,0.0}
   []
  }
  {
   {{-0.82714051415980,0.0,0.56199516887199}{0.0,1.00000000000000,0.0}{-0.56199516887199,0.0,-0.82714051415980}}
   {0.0,0.12446681444570,0.0}
   {0.0,3.12411704258709,0.0}
   {0.0,2.80997584436635,0.0}
   []
  }
 ]
 [
 ]
 {0.0,0.0,-1.00000000000000}
 {0.0,0.0,0.0}
 0.0
}
\end{data}
\end{record}

\begin{record}{"#13"}
\begin{data}
simulationResult:{
 [
  {
   {{0.90412060581368,0.0,0.42727734569376}{0.0,1.00000000000000,0.0}{-0.42727734569376,0.0,0.90412060581368}}
   {0.0,0.12319647448848,0.0}
   {0.0,3.09223150966074,0.0}
   {0.0,2.13638672847787,0.0}
   []
  }
  {
   {{0.61882089376370,0.0,0.78553211356475}{0.0,1.00000000000000,0.0}{-0.78553211356475,0.0,0.61882089376370}}
   {0.0,0.21757527777640,0.0}
   {0.0,5.46113947218773,0.0}
   {0.0,3.92766056783329,0.0}
   []
  }
  {
   {{0.16737641553868,0.0,0.98589306495249}{0.0,1.00000000000000,0.0}{-0.98589306495249,0.0,0.16737641553868}}
   {0.0,0.25823212598727,0.0}
   {0.0,6.48162636228041,0.0}
   {0.0,4.92946532476426,0.0}
   []
  }
  {
   {{-0.36708553329720,0.0,0.93018719150712}{0.0,1.00000000000000,0.0}{-0.93018719150712,0.0,-0.36708553329720}}
   {0.0,0.23011729791115,0.0}
   {0.0,5.77594417756989,0.0}
   {0.0,4.65093595753634,0.0}
   []
  }
  {
   {{-0.81975920619536,0.0,0.57270834100610}{0.0,1.00000000000000,0.0}{-0.57270834100610,0.0,-0.81975920619536}}
   {0.0,0.13576725689009,0.0}
   {0.0,3.40775814794114,0.0}
   {0.0,2.86354170503721,0.0}
   []
  }
 ]
 [
 ]
 {0.0,0.0,-1.00000000000000}
 {0.0,0.0,0.0}
 0.0
}
\end{data}
\end{record}

\begin{record}{"#14"}
\begin{data}
simulationResult:{
 [
  {
   {{0.90949120514166,0.0,0.41572316241697}{0.0,1.00000000000000,0.0}{-0.41572316241697,0.0,0.90949120514166}}
   {0.0,0.13159427165935,0.0}
   {0.0,3.30301621864964,0.0}
   {0.0,2.07861581209476,0.0}
   []
  }
  {
   {{0.63636451005807,0.0,0.77138849507790}{0.0,1.00000000000000,0.0}{-0.77138849507790,0.0,0.63636451005807}}
   {0.0,0.23308472721947,0.0}
   {0.0,5.85042665320867,0.0}
   {0.0,3.85694247540069,0.0}
   []
  }
  {
   {{0.19373867149243,0.0,0.98105317244701}{0.0,1.00000000000000,0.0}{-0.98105317244701,0.0,0.19373867149243}}
   {0.0,0.27782498395596,0.0}
   {0.0,6.97340709729470,0.0}
   {0.0,4.90526586223765,0.0}
   []
  }
  {
   {{-0.34471282521549,0.0,0.93870819114992}{0.0,1.00000000000000,0.0}{-0.93870819114992,0.0,-0.34471282521549}}
   {0.0,0.24873158286103,0.0}
   {0.0,6.24316272981190,0.0}
   {0.0,4.69354095574985,0.0}
   []
  }
  {
   {{-0.81157305261015,0.0,0.58425095659062}{0.0,1.00000000000000,0.0}{-0.58425095659062,0.0,-0.81157305261015}}
   {0.0,0.14728938798997,0.0}
   {0.0,3.69696363854815,0.0}
   {0.0,2.92125478296005,0.0}
   []
  }
 ]
 [
 ]
 {0.0,0.0,-1.00000000000000}
 {0.0,0.0,0.0}
 0.0
}
\end{data}
\end{record}

\begin{record}{"#15"}
\begin{data}
simulationResult:{
 [
  {
   {{0.91504843656008,0.0,0.40334397076064}{0.0,1.00000000000000,0.0}{-0.40334397076064,0.0,0.91504843656008}}
   {0.0,0.13975367170573,0.0}
   {0.0,3.50781715981392,0.0}
   {0.0,2.01671985381394,0.0}
   []
  }
  {
   {{0.65474702371068,0.0,0.75584808985802}{0.0,1.00000000000000,0.0}{-0.75584808985802,0.0,0.65474702371068}}
   {0.0,0.24829861192029,0.0}
   {0.0,6.23229515919926,0.0}
   {0.0,3.77924044930307,0.0}
   []
  }
  {
   {{0.22186756747869,0.0,0.97507680851361}{0.0,1.00000000000000,0.0}{-0.97507680851361,0.0,0.22186756747869}}
   {0.0,0.29731036507118,0.0}
   {0.0,7.46249016328672,0.0}
   {0.0,4.87538404257168,0.0}
   []
  }
  {
   {{-0.32037172187054,0.0,0.94729190845573}{0.0,1.00000000000000,0.0}{-0.94729190845573,0.0,-0.32037172187054}}
   {0.0,0.26751645005045,0.0}
   {0.0,6.71466289626628,0.0}
   {0.0,4.73645954227840,0.0}
   []
  }
  {
   {{-0.80253048456603,0.0,0.59661111399488}{0.0,1.00000000000000,0.0}{-0.59661111399488,0.0,-0.80253048456603}}
   {0.0,0.15904961667701,0.0}
   {0.0,3.99214537859291,0.0}
   {0.0,2.98305556998158,0.0}
   []
  }
 ]
 [
 ]
 {0.0,0.0,-1.00000000000000}
 {0.0,0.0,0.0}
 0.0
}
\end{data}
\end{record}

\begin{record}{"#16"}
\begin{data}
simulationResult:{
 [
  {
   {{0.92075090319490,0.0,0.39015096343053}{0.0,1.00000000000000,0.0}{-0.39015096343053,0.0,0.92075090319490}}
   {0.0,0.14765834826698,0.0}
   {0.0,3.70622454150126,0.0}
   {0.0,1.95075481716427,0.0}
   []
  }
  {
   {{0.67386322436407,0.0,0.73885611241274}{0.0,1.00000000000000,0.0}{-0.73885611241274,0.0,0.67386322436407}}
   {0.0,0.26318855765043,0.0}
   {0.0,6.60603279702571,0.0}
   {0.0,3.69428056207870,0.0}
   []
  }
  {
   {{0.25169310857420,0.0,0.96780709808115}{0.0,1.00000000000000,0.0}{-0.96780709808115,0.0,0.25169310857420}}
   {0.0,0.31666407891358,0.0}
   {0.0,7.94826838073076,0.0}
   {0.0,4.83903549041072,0.0}
   []
  }
  {
   {{-0.29401410217037,0.0,0.95580108167178}{0.0,1.00000000000000,0.0}{-0.95580108167178,0.0,-0.29401410217037}}
   {0.0,0.28647180446397,0.0}
   {0.0,7.19044229204554,0.0}
   {0.0,4.77900540835810,0.0}
   []
  }
  {
   {{-0.79257547167659,0.0,0.60977382831394}{0.0,1.00000000000000,0.0}{-0.60977382831394,0.0,-0.79257547167659}}
   {0.0,0.17106408494627,0.0}
   {0.0,4.29370853215138,0.0}
   {0.0,3.04886914157694,0.0}
   []
  }
 ]
 [
 ]
 {0.0,0.0,-1.00000000000000}
 {0.0,0.0,0.0}
 0.0
}
\end{data}
\end{record}

\begin{record}{"#17"}
\begin{data}
simulationResult:{
 [
  {
   {{0.92655574376974,0.0,0.37615748522036}{0.0,1.00000000000000,0.0}{-0.37615748522036,0.0,0.92655574376974}}
   {0.0,0.15529221906109,0.0}
   {0.0,3.89783469843327,0.0}
   {0.0,1.88078742611429,0.0}
   []
  }
  {
   {{0.69359942903153,0.0,0.72036090402460}{0.0,1.00000000000000,0.0}{-0.72036090402460,0.0,0.69359942903153}}
   {0.0,0.27772512782624,0.0}
   {0.0,6.97090070843874,0.0}
   {0.0,3.60180452014026,0.0}
   []
  }
  {
   {{0.28313075962491,0.0,0.95908131717504}{0.0,1.00000000000000,0.0}{-0.95908131717504,0.0,0.28313075962491}}
   {0.0,0.33585874925652,0.0}
   {0.0,8.43005460633877,0.0}
   {0.0,4.79540658588190,0.0}
   []
  }
  {
   {{-0.26559585039066,0.0,0.96408445908814}{0.0,1.00000000000000,0.0}{-0.96408445908814,0.0,-0.26559585039066}}
   {0.0,0.30559467831440,0.0}
   {0.0,7.67042642569144,0.0}
   {0.0,4.82042229543932,0.0}
   []
  }
  {
   {{-0.78164746287950,0.0,0.62372048529293}{0.0,1.00000000000000,0.0}{-0.62372048529293,0.0,-0.78164746287950}}
   {0.0,0.18334860109605,0.0}
   {0.0,4.60204988751091,0.0}
   {0.0,3.11860242647192,0.0}
   []
  }
 ]
 [
 ]
 {0.0,0.0,-1.00000000000000}
 {0.0,0.0,0.0}
 0.0
}
\end{data}
\end{record}

\begin{record}{"#18"}
\begin{data}
simulationResult:{
 [
  {
   {{0.93241892960167,0.0,0.36137921871695}{0.0,1.00000000000000,0.0}{-0.36137921871695,0.0,0.93241892960167}}
   {0.0,0.16263949062650,0.0}
   {0.0,4.08225121472525,0.0}
   {0.0,1.80689609359812,0.0}
   []
  }
  {
   {{0.71383369670479,0.0,0.70031525290313}{0.0,1.00000000000000,0.0}{-0.70031525290313,0.0,0.71383369670479}}
   {0.0,0.29187789887299,0.0}
   {0.0,7.32613526171208,0.0}
   {0.0,3.50157626453535,0.0}
   []
  }
  {
   {{0.31607992092273,0.0,0.94873256694892}{0.0,1.00000000000000,0.0}{-0.94873256694892,0.0,0.31607992092273}}
   {0.0,0.35486371376586,0.0}
   {0.0,8.90707921552319,0.0}
   {0.0,4.74366283475338,0.0}
   []
  }
  {
   {{-0.23507871029879,0.0,0.97197633714214}{0.0,1.00000000000000,0.0}{-0.97197633714214,0.0,-0.23507871029879}}
   {0.0,0.32487894754547,0.0}
   {0.0,8.15446158339120,0.0}
   {0.0,4.85988168570885,0.0}
   []
  }
  {
   {{-0.76968135612020,0.0,0.63842823405687}{0.0,1.00000000000000,0.0}{-0.63842823405687,0.0,-0.76968135612020}}
   {0.0,0.19591856148603,0.0}
   {0.0,4.91755589329939,0.0}
   {0.0,3.19214117029157,0.0}
   []
  }
 ]
 [
 ]
 {0.0,0.0,-1.00000000000000}
 {0.0,0.0,0.0}
 0.0
}
\end{data}
\end{record}

\begin{record}{"#19"}
\begin{data}
simulationResult:{
 [
  {
   {{0.93829558193132,0.0,0.34583435475408}{0.0,1.00000000000000,0.0}{-0.34583435475408,0.0,0.93829558193132}}
   {0.0,0.16968470661822,0.0}
   {0.0,4.25908613611724,0.0}
   {0.0,1.72917177378471,0.0}
   []
  }
  {
   {{0.73443618844366,0.0,0.67867774761248}{0.0,1.00000000000000,0.0}{-0.67867774761248,0.0,0.73443618844366}}
   {0.0,0.30561556225085,0.0}
   {0.0,7.67095061249636,0.0}
   {0.0,3.39338873808477,0.0}
   []
  }
  {
   {{0.35042249564574,0.0,0.93659173311823}{0.0,1.00000000000000,0.0}{-0.93659173311823,0.0,0.35042249564574}}
   {0.0,0.37364495986719,0.0}
   {0.0,9.37848849266659,0.0}
   {0.0,4.68295866560255,0.0}
   []
  }
  {
   {{-0.20243235365213,0.0,0.97929624843295}{0.0,1.00000000000000,0.0}{-0.97929624843295,0.0,-0.20243235365213}}
   {0.0,0.34431504055232,0.0}
   {0.0,8.64230751786318,0.0}
   {0.0,4.89648124216250,0.0}
   []
  }
  {
   {{-0.75660750621363,0.0,0.65386931533846}{0.0,1.00000000000000,0.0}{-0.65386931533846,0.0,-0.75660750621363}}
   {0.0,0.20878885956107,0.0}
   {0.0,5.24060037498290,0.0}
   {0.0,3.26934657669935,0.0}
   []
  }
 ]
 [
 ]
 {0.0,0.0,-1.00000000000000}
 {0.0,0.0,0.0}
 0.0
}
\end{data}
\end{record}

\begin{record}{"#20"}
\begin{data}
simulationResult:{
 [
  {
   {{0.94414030794614,0.0,0.32954374354762}{0.0,1.00000000000000,0.0}{-0.32954374354762,0.0,0.94414030794614}}
   {0.0,0.17641279931352,0.0}
   {0.0,4.42796126276933,0.0}
   {0.0,1.64771871775328,0.0}
   []
  }
  {
   {{0.75526968826408,0.0,0.65541414234778}{0.0,1.00000000000000,0.0}{-0.65541414234778,0.0,0.75526968826408}}
   {0.0,0.31890605359815,0.0}
   {0.0,8.00454194531350,0.0}
   {0.0,3.27707071176417,0.0}
   []
  }
  {
   {{0.38602160387214,0.0,0.92248974050879}{0.0,1.00000000000000,0.0}{-0.92248974050879,0.0,0.38602160387214}}
   {0.0,0.39216510257561,0.0}
   {0.0,9.84334407464794,0.0}
   {0.0,4.61244870255847,0.0}
   []
  }
  {
   {{-0.16763666335806,0.0,0.98584884698324}{0.0,1.00000000000000,0.0}{-0.98584884698324,0.0,-0.16763666335806}}
   {0.0,0.36388964256887,0.0}
   {0.0,9.13363002847867,0.0}
   {0.0,4.92924423491367,0.0}
   []
  }
  {
   {{-0.74235178175426,0.0,0.67001032240278}{0.0,1.00000000000000,0.0}{-0.67001032240278,0.0,-0.74235178175426}}
   {0.0,0.22197378082687,0.0}
   {0.0,5.57154189875433,0.0}
   {0.0,3.35005161202069,0.0}
   []
  }
 ]
 [
 ]
 {0.0,0.0,-1.00000000000000}
 {0.0,0.0,0.0}
 0.0
}
\end{data}
\end{record}

\begin{record}{"#21"}
\begin{data}
simulationResult:{
 [
  {
   {{0.94990755335209,0.0,0.31253102259558}{0.0,1.00000000000000,0.0}{-0.31253102259558,0.0,0.94990755335209}}
   {0.0,0.18280914390337,0.0}
   {0.0,4.58850951197459,0.0}
   {0.0,1.56265511299400,0.0}
   []
  }
  {
   {{0.77619029730166,0.0,0.63049870925701}{0.0,1.00000000000000,0.0}{-0.63049870925701,0.0,0.77619029730166}}
   {0.0,0.33171670898612,0.0}
   {0.0,8.32608939555154,0.0}
   {0.0,3.15249354631341,0.0}
   []
  }
  {
   {{0.42272050383755,0.0,0.90626010374248}{0.0,1.00000000000000,0.0}{-0.90626010374248,0.0,0.42272050383755}}
   {0.0,0.41038341019292,0.0}
   {0.0,10.3006235958424,0.0}
   {0.0,4.53130051873060,0.0}
   []
  }
  {
   {{-0.13068422435697,0.0,0.99142404323489}{0.0,1.00000000000000,0.0}{-0.99142404323489,0.0,-0.13068422435697}}
   {0.0,0.38358540016577,0.0}
   {0.0,9.62799354416073,0.0}
   {0.0,4.95712021617192,0.0}
   []
  }
  {
   {{-0.72683568359276,0.0,0.68681139263720}{0.0,1.00000000000000,0.0}{-0.68681139263720,0.0,-0.72683568359276}}
   {0.0,0.23548688241495,0.0}
   {0.0,5.91072074861529,0.0}
   {0.0,3.43405696319237,0.0}
   []
  }
 ]
 [
 ]
 {0.0,0.0,-1.00000000000000}
 {0.0,0.0,0.0}
 0.0
}
\end{data}
\end{record}

\begin{record}{"#22"}
\begin{data}
simulationResult:{
 [
  {
   {{0.95555196883685,0.0,0.29482271766608}{0.0,1.00000000000000,0.0}{-0.29482271766608,0.0,0.95555196883685}}
   {0.0,0.18885961506937,0.0}
   {0.0,4.74037633824112,0.0}
   {0.0,1.47411358834736,0.0}
   []
  }
  {
   {{0.79704831006162,0.0,0.60391554991399}{0.0,1.00000000000000,0.0}{-0.60391554991399,0.0,0.79704831006162}}
   {0.0,0.34401444775415,0.0}
   {0.0,8.63476263862913,0.0}
   {0.0,3.01957774960156,0.0}
   []
  }
  {
   {{0.46034178581653,0.0,0.88774176438379}{0.0,1.00000000000000,0.0}{-0.88774176438379,0.0,0.46034178581653}}
   {0.0,0.42825588369447,0.0}
   {0.0,10.7492226807313,0.0}
   {0.0,4.43870882194150,0.0}
   []
  }
  {
   {{-9.15830062014202e-02,0.0,0.99579744575647}{0.0,1.00000000000000,0.0}{-0.99579744575647,0.0,-9.15830062014202e-02}}
   {0.0,0.40338063139459,0.0}
   {0.0,10.1248538480041,0.0}
   {0.0,4.97898722878012,0.0}
   []
  }
  {
   {{-0.70997653917739,0.0,0.70422532886691}{0.0,1.00000000000000,0.0}{-0.70422532886691,0.0,-0.70997653917739}}
   {0.0,0.24934085584446,0.0}
   {0.0,6.25845548169590,0.0}
   {0.0,3.52112664434038,0.0}
   []
  }
 ]
 [
 ]
 {0.0,0.0,-1.00000000000000}
 {0.0,0.0,0.0}
 0.0
}
\end{data}
\end{record}

\begin{record}{"#23"}
\begin{data}
simulationResult:{
 [
  {
   {{0.96102878726374,0.0,0.27644831352422}{0.0,1.00000000000000,0.0}{-0.27644831352422,0.0,0.96102878726374}}
   {0.0,0.19455064527627,0.0}
   {0.0,4.88322119643425,0.0}
   {0.0,1.38224156763893,0.0}
   []
  }
  {
   {{0.81768927708842,0.0,0.57565983543636}{0.0,1.00000000000000,0.0}{-0.57565983543636,0.0,0.81768927708842}}
   {0.0,0.35576598081176,0.0}
   {0.0,8.92972611837523,0.0}
   {0.0,2.87829917721682,0.0}
   []
  }
  {
   {{0.49868690701196,0.0,0.86678219223450}{0.0,1.00000000000000,0.0}{-0.86678219223450,0.0,0.49868690701196}}
   {0.0,0.44573539531234,0.0}
   {0.0,11.1879584223396,0.0}
   {0.0,4.33391096120004,0.0}
   []
  }
  {
   {{-5.03592102463110e-02,0.0,0.99873117000691}{0.0,1.00000000000000,0.0}{-0.99873117000691,0.0,-5.03592102463110e-02}}
   {0.0,0.42324904828479,0.0}
   {0.0,10.6235511119482,0.0}
   {0.0,4.99365585003302,0.0}
   []
  }
  {
   {{-0.69168778894262,0.0,0.72219665093911}{0.0,1.00000000000000,0.0}{-0.72219665093911,0.0,-0.69168778894262}}
   {0.0,0.26354737158328,0.0}
   {0.0,6.61503902674021,0.0}
   {0.0,3.61098325470076,0.0}
   []
  }
 ]
 [
 ]
 {0.0,0.0,-1.00000000000000}
 {0.0,0.0,0.0}
 0.0
}
\end{data}
\end{record}

\begin{record}{"#24"}
\begin{data}
simulationResult:{
 [
  {
   {{0.96629420795576,0.0,0.25744029146805}{0.0,1.00000000000000,0.0}{-0.25744029146805,0.0,0.96629420795576}}
   {0.0,0.19986928414728,0.0}
   {0.0,5.01671903209671,0.0}
   {0.0,1.28720145735892,0.0}
   []
  }
  {
   {{0.83795525315929,0.0,0.54573894281309}{0.0,1.00000000000000,0.0}{-0.54573894281309,0.0,0.83795525315929}}
   {0.0,0.36693804266537,0.0}
   {0.0,9.21014487090079,0.0}
   {0.0,2.72869471410406,0.0}
   []
  }
  {
   {{0.53753613652971,0.0,0.84324071410524}{0.0,1.00000000000000,0.0}{-0.84324071410524,0.0,0.53753613652971}}
   {0.0,0.46277189123650,0.0}
   {0.0,11.6155744700362,0.0}
   {0.0,4.21620357055942,0.0}
   []
  }
  {
   {{-7.06024131591304e-03,0.0,0.99997507618568}{0.0,1.00000000000000,0.0}{-0.99997507618568,0.0,-7.06024131591304e-03}}
   {0.0,0.44315949962199,0.0}
   {0.0,11.1233034405120,0.0}
   {0.0,4.99987538092813,0.0}
   []
  }
  {
   {{-0.67187938287832,0.0,0.74066058006556}{0.0,1.00000000000000,0.0}{-0.74066058006556,0.0,-0.67187938287832}}
   {0.0,0.27811690404072,0.0}
   {0.0,6.98073429142203,0.0}
   {0.0,3.70330290033220,0.0}
   []
  }
 ]
 [
 ]
 {0.0,0.0,-1.00000000000000}
 {0.0,0.0,0.0}
 0.0
}
\end{data}
\end{record}

\begin{record}{"#25"}
\begin{data}
simulationResult:{
 [
  {
   {{0.97130578399042,0.0,0.23783413124854}{0.0,1.00000000000000,0.0}{-0.23783413124854,0.0,0.97130578399042}}
   {0.0,0.20480325823594,0.0}
   {0.0,5.14056178172213,0.0}
   {0.0,1.18917065626221,0.0}
   []
  }
  {
   {{0.85768622423477,0.0,0.51417345396072}{0.0,1.00000000000000,0.0}{-0.51417345396072,0.0,0.85768622423477}}
   {0.0,0.37749764476971,0.0}
   {0.0,9.47519088371979,0.0}
   {0.0,2.57086726984584,0.0}
   []
  }
  {
   {{0.57664897729638,0.0,0.81699201769848}{0.0,1.00000000000000,0.0}{-0.81699201769848,0.0,0.57664897729638}}
   {0.0,0.47931266247089,0.0}
   {0.0,12.0307478280193,0.0}
   {0.0,4.08496008853201,0.0}
   []
  }
  {
   {{3.82422512201664e-02,0.0,0.99926849756290}{0.0,1.00000000000000,0.0}{-0.99926849756290,0.0,3.82422512201664e-02}}
   {0.0,0.46307574316997,0.0}
   {0.0,11.6232011535661,0.0}
   {0.0,4.99634248781610,0.0}
   []
  }
  {
   {{-0.65045830736852,0.0,0.75954196090491}{0.0,1.00000000000000,0.0}{-0.75954196090491,0.0,-0.65045830736852}}
   {0.0,0.29305853569720,0.0}
   {0.0,7.35576924599968,0.0}
   {0.0,3.79770980452804,0.0}
   []
  }
 ]
 [
 ]
 {0.0,0.0,-1.00000000000000}
 {0.0,0.0,0.0}
 0.0
}
\end{data}
\end{record}

\begin{record}{"#26"}
\begin{data}
simulationResult:{
 [
  {
   {{0.97602280804588,0.0,0.21766827553469}{0.0,1.00000000000000,0.0}{-0.21766827553469,0.0,0.97602280804588}}
   {0.0,0.20934103046567,0.0}
   {0.0,5.25445986468833,0.0}
   {0.0,1.08834137769371,0.0}
   []
  }
  {
   {{0.87672170004921,0.0,0.48099798405276}{0.0,1.00000000000000,0.0}{-0.48099798405276,0.0,0.87672170004921}}
   {0.0,0.38741234713524,0.0}
   {0.0,9.72404991309440,0.0}
   {0.0,2.40498992030970,0.0}
   []
  }
  {
   {{0.61576512608174,0.0,0.78792976178181}{0.0,1.00000000000000,0.0}{-0.78792976178181,0.0,0.61576512608174}}
   {0.0,0.49530268667451,0.0}
   {0.0,12.4320974355302,0.0}
   {0.0,3.93964880895570,0.0}
   []
  }
  {
   {{8.54493345753388e-02,0.0,0.99634251701944}{0.0,1.00000000000000,0.0}{-0.99634251701944,0.0,8.54493345753388e-02}}
   {0.0,0.48295625769086,0.0}
   {0.0,12.1222020680407,0.0}
   {0.0,4.98171258510146,0.0}
   []
  }
  {
   {{-0.62732926426762,0.0,0.77875412948725}{0.0,1.00000000000000,0.0}{-0.77875412948725,0.0,-0.62732926426762}}
   {0.0,0.30837973920560,0.0}
   {0.0,7.74033145406062,0.0}
   {0.0,3.89377064743866,0.0}
   []
  }
 ]
 [
 ]
 {0.0,0.0,-1.00000000000000}
 {0.0,0.0,0.0}
 0.0
}
\end{data}
\end{record}

\begin{record}{"#27"}
\begin{data}
simulationResult:{
 [
  {
   {{0.98040669203322,0.0,0.19698405574177}{0.0,1.00000000000000,0.0}{-0.19698405574177,0.0,0.98040669203322}}
   {0.0,0.21347185847803,0.0}
   {0.0,5.35814364779860,0.0}
   {0.0,0.98492027872983,0.0}
   []
  }
  {
   {{0.89490245260833,0.0,0.44626180692011}{0.0,1.00000000000000,0.0}{-0.44626180692011,0.0,0.89490245260833}}
   {0.0,0.39665054446657,0.0}
   {0.0,9.95592866611093,0.0}
   {0.0,2.23130903465012,0.0}
   []
  }
  {
   {{0.65460602315228,0.0,0.75597020738437}{0.0,1.00000000000000,0.0}{-0.75597020738437,0.0,0.65460602315228}}
   {0.0,0.51068504228268,0.0}
   {0.0,12.8181945612953,0.0}
   {0.0,3.77985103697622,0.0}
   []
  }
  {
   {{0.13443184516809,0.0,0.99092284210462}{0.0,1.00000000000000,0.0}{-0.99092284210462,0.0,0.13443184516809}}
   {0.0,0.50275410620106,0.0}
   {0.0,12.6191280656466,0.0}
   {0.0,4.95461421053093,0.0}
   []
  }
  {
   {{-0.60239552587116,0.0,0.79819773891587}{0.0,1.00000000000000,0.0}{-0.79819773891587,0.0,-0.60239552587116}}
   {0.0,0.32408613649743,0.0}
   {0.0,8.13456202608543,0.0}
   {0.0,3.99098869458057,0.0}
   []
  }
 ]
 [
 ]
 {0.0,0.0,-1.00000000000000}
 {0.0,0.0,0.0}
 0.0
}
\end{data}
\end{record}

\begin{record}{"#28"}
\begin{data}
simulationResult:{
 [
  {
   {{0.98442133553413,0.0,0.17582557875688}{0.0,1.00000000000000,0.0}{-0.17582557875688,0.0,0.98442133553413}}
   {0.0,0.21718585111416,0.0}
   {0.0,5.45136486296535,0.0}
   {0.0,0.87912789380608,0.0}
   []
  }
  {
   {{0.91207237424151,0.0,0.41002924791466}{0.0,1.00000000000000,0.0}{-0.41002924791466,0.0,0.91207237424151}}
   {0.0,0.40518176248936,0.0}
   {0.0,10.1700622384830,0.0}
   {0.0,2.05014623962650,0.0}
   []
  }
  {
   {{0.69287702920872,0.0,0.72105576926817}{0.0,1.00000000000000,0.0}{-0.72105576926817,0.0,0.69287702920872}}
   {0.0,0.52540139434793,0.0}
   {0.0,13.1875749981331,0.0}
   {0.0,3.60527884640352,0.0}
   []
  }
  {
   {{0.18502764010817,0.0,0.98273331702757}{0.0,1.00000000000000,0.0}{-0.98273331702757,0.0,0.18502764010817}}
   {0.0,0.52241686279173,0.0}
   {0.0,13.1126632560724,0.0}
   {0.0,4.91366658515023,0.0}
   []
  }
  {
   {{-0.57555999079323,0.0,0.81775955940490}{0.0,1.00000000000000,0.0}{-0.81775955940490,0.0,-0.57555999079323}}
   {0.0,0.34018123420914,0.0}
   {0.0,8.53854897864931,0.0}
   {0.0,4.08879779702444,0.0}
   []
  }
 ]
 [
 ]
 {0.0,0.0,-1.00000000000000}
 {0.0,0.0,0.0}
 0.0
}
\end{data}
\end{record}

\begin{record}{"#29"}
\begin{data}
simulationResult:{
 [
  {
   {{0.98803347794928,0.0,0.15423957485501}{0.0,1.00000000000000,0.0}{-0.15423957485501,0.0,0.98803347794928}}
   {0.0,0.22047402225202,0.0}
   {0.0,5.53389795852567,0.0}
   {0.0,0.77119787429730,0.0}
   []
  }
  {
   {{0.92808042253111,0.0,0.37237981861867}{0.0,1.00000000000000,0.0}{-0.37237981861867,0.0,0.92808042253111}}
   {0.0,0.41297695957026,0.0}
   {0.0,10.3657216852136,0.0}
   {0.0,1.86189909315009,0.0}
   []
  }
  {
   {{0.73027024908153,0.0,0.68315837351700}{0.0,1.00000000000000,0.0}{-0.68315837351700,0.0,0.73027024908153}}
   {0.0,0.53939254939537,0.0}
   {0.0,13.5387529898238,0.0}
   {0.0,3.41579186765652,0.0}
   []
  }
  {
   {{0.23703917240508,0.0,0.97150009302394}{0.0,1.00000000000000,0.0}{-0.97150009302394,0.0,0.23703917240508}}
   {0.0,0.54188661594826,0.0}
   {0.0,13.6013540603013,0.0}
   {0.0,4.85750046513784,0.0}
   []
  }
  {
   {{-0.54672646659864,0.0,0.83731127468855}{0.0,1.00000000000000,0.0}{-0.83731127468855,0.0,-0.54672646659864}}
   {0.0,0.35666613512714,0.0}
   {0.0,8.95231999169132,0.0}
   {0.0,4.18655637344130,0.0}
   []
  }
 ]
 [
 ]
 {0.0,0.0,-1.00000000000000}
 {0.0,0.0,0.0}
 0.0
}
\end{data}
\end{record}

\begin{record}{"#30"}
\begin{data}
simulationResult:{
 [
  {
   {{0.99121302926236,0.0,0.13227520788321}{0.0,1.00000000000000,0.0}{-0.13227520788321,0.0,0.99121302926236}}
   {0.0,0.22332834123588,0.0}
   {0.0,5.60554136502059,0.0}
   {0.0,0.66137603943884,0.0}
   []
  }
  {
   {{0.94278261373264,0.0,0.33340807315279}{0.0,1.00000000000000,0.0}{-0.33340807315279,0.0,0.94278261373264}}
   {0.0,0.42000882827595,0.0}
   {0.0,10.5422215897263,0.0}
   {0.0,1.66704036582400,0.0}
   []
  }
  {
   {{0.76646799940084,0.0,0.64228249695479}{0.0,1.00000000000000,0.0}{-0.64228249695479,0.0,0.76646799940084}}
   {0.0,0.55259907420578,0.0}
   {0.0,13.8702367625650,0.0}
   {0.0,3.21141248485465,0.0}
   []
  }
  {
   {{0.29023153037126,0.0,0.95695645605135}{0.0,1.00000000000000,0.0}{-0.95695645605135,0.0,0.29023153037126}}
   {0.0,0.56110006151521,0.0}
   {0.0,14.0836115440318,0.0}
   {0.0,4.78478228028192,0.0}
   []
  }
  {
   {{-0.51580120512895,0.0,0.85670830320917}{0.0,1.00000000000000,0.0}{-0.85670830320917,0.0,-0.51580120512895}}
   {0.0,0.37353922585078,0.0}
   {0.0,9.37583456885456,0.0}
   {0.0,4.28354151604289,0.0}
   []
  }
 ]
 [
 ]
 {0.0,0.0,-1.00000000000000}
 {0.0,0.0,0.0}
 0.0
}
\end{data}
\end{record}

\begin{record}{"#31"}
\begin{data}
