\include {"pem1_3_def.udf"}


\begin{data}
unitParameter:{1.00000000000000e-02,1.00000000000000e-03,1.00000000000000,1.00000000000000}
body[]:[
 {
  0,
  [
   {
    {0.0,0.0,0.0}
    1.00000000000000,
    "ellipsoid",
    {0.0}
    {1.00000000000000,0.25000000000000,{0.0,0.0,1.00000000000000}}
    {1.00000000000000,1.00000000000000,4.00000000000000,{1.00000000000000,0.0,0.0}{0.0,1.00000000000000,0.0}}
    {0.0,0.0,0.0,{0.0,0.0,0.0}{0.0,0.0,0.0}}
    {
     []
     [
     ]
    }
    {0.0,{0.0,0.0,0.0}}
   }
  ]
  []
  [{1.00000000000000,0.0,0.0,1.00000000000000}]
  {1.00000000000000,{0.0,0.0,0.0}{3.40000000000000,3.40000000000000,0.40000000000000,0.0,0.0,0.0}}
 }
]
simulation:{
 {100000,100,1.00000000000000e-03}
 {{-10.0000000000000,-10.0000000000000,-10.0000000000000}{10.0000000000000,10.0000000000000,10.0000000000000}}
 "4thOrderRungeKutta",
 "false",
 [{0,{0.0,0.0,0.0}{{1.00000000000000,0.0,0.0}{0.0,1.00000000000000,0.0}{0.0,0.0,1.00000000000000}}{1.00000000000000e-01,1.00000000000000e-01,0.20000000000000}{"false",{0.0,0.0,1.00000000000000}}}]
 []
 {0.0,0.0,0.0}
 {"false",{{0.0,0.0,0.0}}{0.0,{0.0,0.0,0.0}{0.0,0.0,0.0}}}
 1.00000000000000e-01,
 {"false",1.00000000000000}
}
\end{data}

\begin{record}{"#0"}
\begin{data}
simulationResult:{
 [
  {
   {{1.00000000000000,0.0,0.0}{0.0,1.00000000000000,0.0}{0.0,0.0,1.00000000000000}}
   {1.00000000000000e-01,1.00000000000000e-01,0.20000000000000}
   {0.34000000000000,0.34000000000000,8.00000000000000e-02}
   {0.0,0.0,0.0}
   []
  }
 ]
 [
 ]
 {0.0,0.0,0.0}
 {0.0,0.0,0.0}
 0.0
}
\end{data}
\end{record}

\begin{record}{"#1"}
\begin{data}
simulationResult:{
 [
  {
   {{0.99975089903026,2.00476973422542e-02,-9.80967478838602e-03}{-1.99477146253087e-02,0.99974913444620,1.01861109019386e-02}{1.00114219473443e-02,-9.98789293858927e-03,0.99990000171279}}
   {0.10176672152012,9.82374306578961e-02,0.19998235324343}
   {0.34000000000000,0.34000000000000,8.00000000000000e-02}
   {0.0,0.0,0.0}
   []
  }
 ]
 [
 ]
 {0.0,0.0,0.0}
 {0.0,0.0,0.0}
 0.0
}
\end{data}
\end{record}

\begin{record}{"#2"}
\begin{data}
simulationResult:{
 [
  {
   {{0.99900732466115,4.01815120562540e-02,-1.92304800316449e-02}{-3.97817885523682e-02,0.99899321091191,2.07358108471426e-02}{2.00443152277410e-02,-1.99502040287041e-02,0.99960002740409}}
   {0.10353723209901,9.64793757596405e-02,0.19992941660072}
   {0.34000000000000,0.34000000000000,8.00000000000000e-02}
   {0.0,0.0,0.0}
   []
  }
 ]
 [
 ]
 {0.0,0.0,0.0}
 {0.0,0.0,0.0}
 0.0
}
\end{data}
\end{record}

\begin{record}{"#3"}
\begin{data}
simulationResult:{
 [
  {
   {{0.99777516418891,6.03873837234804e-02,-2.82504091089119e-02}{-5.94887832087045e-02,0.99772754672527,3.16358527296389e-02}{3.00966177524240e-02,-2.98848856885345e-02,0.99910013872847}}
   {0.10531116783866,9.47261966431998e-02,0.19984120095208}
   {0.34000000000000,0.34000000000000,8.00000000000000e-02}
   {0.0,0.0,0.0}
   []
  }
 ]
 [
 ]
 {0.0,0.0,0.0}
 {0.0,0.0,0.0}
 0.0
}
\end{data}
\end{record}

\begin{record}{"#4"}
\begin{data}
simulationResult:{
 [
  {
   {{0.99606069121778,8.06510693763314e-02,-3.68578949373875e-02}{-7.90554912182415e-02,0.99594787473219,4.28726034277700e-02}{4.01662634433905e-02,-3.97898960150248e-02,0.99840043842945}}
   {0.10708816413707,9.29782536444074e-02,0.19971772442873}
   {0.34000000000000,0.34000000000000,8.00000000000000e-02}
   {0.0,0.0,0.0}
   []
  }
 ]
 [
 ]
 {0.0,0.0,0.0}
 {0.0,0.0,0.0}
 0.0
}
\end{data}
\end{record}

\begin{record}{"#5"}
\begin{data}
simulationResult:{
 [
  {
   {{0.99387055743542,0.10095815624378,-4.50418222418990e-02}{-9.84689479200541e-02,0.99365034963649,5.44320582266863e-02}{5.02511826580481e-02,-4.96631992035519e-02,0.99750107031839}}
   {0.10886785576319,9.12359060229026e-02,0.19955901240913}
   {0.34000000000000,0.34000000000000,8.00000000000000e-02}
   {0.0,0.0,0.0}
   []
  }
 ]
 [
 ]
 {0.0,0.0,0.0}
 {0.0,0.0,0.0}
 0.0
}
\end{data}
\end{record}

\begin{record}{"#6"}
\begin{data}
simulationResult:{
 [
  {
   {{0.99121178403702,0.12129407470600,-5.27915393539823e-02}{-0.11771644260714,0.99083155394021,6.62998556284328e-02}{6.03493026145942e-02,-5.95027659663501e-02,0.99640221924496}}
   {0.11064987693199,8.94995118882912e-02,0.19936509751382}
   {0.34000000000000,0.34000000000000,8.00000000000000e-02}
   {0.0,0.0,0.0}
   []
  }
 ]
 [
 ]
 {0.0,0.0,0.0}
 {0.0,0.0,0.0}
 0.0
}
\end{data}
\end{record}

\begin{record}{"#7"}
\begin{data}
simulationResult:{
 [
  {
   {{0.98809175280730,0.14164411144522,-6.00968695282871e-02}{-0.13678552947435,0.98748850347752,7.84612925343316e-02}{7.04585478180406e-02,-6.93065739495959e-02,0.99510411105911}}
   {0.11243386137965,8.77694281265419e-02,0.19913601959867}
   {0.34000000000000,0.34000000000000,8.00000000000000e-02}
   {0.0,0.0,0.0}
   []
  }
 ]
 [
 ]
 {0.0,0.0,0.0}
 {0.0,0.0,0.0}
 0.0
}
\end{data}
\end{record}

\begin{record}{"#8"}
\begin{data}
simulationResult:{
 [
  {
   {{0.98451819687004,0.16199342277995,-6.69481217645995e-02}{-0.15566403826491,0.98361865253590,9.09013397839823e-02}{8.05768404867956e-02,-7.90726081490687e-02,0.99360701256466}}
   {0.11421944243885,8.60460103266349e-02,0.19887182574670}
   {0.34000000000000,0.34000000000000,8.00000000000000e-02}
   {0.0,0.0,0.0}
   []
  }
 ]
 [
 ]
 {0.0,0.0,0.0}
 {0.0,0.0,0.0}
 0.0
}
\end{data}
\end{record}

\begin{record}{"#9"}
\begin{data}
simulationResult:{
 [
  {
   {{0.98049919111527,0.18232704816947,-7.33361011242905e-02}{-0.17434008460526,0.97921989855870,0.10360465803483}{9.07021009797167e-02,-8.87988613242992e-02,0.99191123146448}}
   {0.11600625311407,8.43296127074766e-02,0.19857257025844}
   {0.34000000000000,0.34000000000000,8.00000000000000e-02}
   {0.0,0.0,0.0}
   []
  }
 ]
 [
 ]
 {0.0,0.0,0.0}
 {0.0,0.0,0.0}
 0.0
}
\end{data}
\end{record}

\begin{record}{"#10"}
\begin{data}
simulationResult:{
 [
  {
   {{0.97604314231429,0.20262992387519,-7.92521185305121e-02}{-0.19280208001841,0.97429058642358,0.11655561396592}{0.10083224822354,-9.84833344111246e-02,0.99001711629721}}
   {0.11779392615710,8.26205880450957e-02,0.19823831464069}
   {0.34000000000000,0.34000000000000,8.00000000000000e-02}
   {0.0,0.0,0.0}
   []
  }
 ]
 [
 ]
 {0.0,0.0,0.0}
 {0.0,0.0,0.0}
 0.0
}
\end{data}
\end{record}

\begin{record}{"#11"}
\begin{data}
simulationResult:{
 [
  {
   {{0.97115877893323,0.22288689676561,-8.46880000420000e-02}{-0.21103874160605,0.96882951229182,0.12973829678908}{0.11096520014063,-0.10812403693256,0.98792505636569}}
   {0.11958209414246,8.09192876001364e-02,0.19786912759395}
   {0.34000000000000,0.34000000000000,8.00000000000000e-02}
   {0.0,0.0,0.0}
   []
  }
 ]
 [
 ]
 {0.0,0.0,0.0}
 {0.0,0.0,0.0}
 0.0
}
\end{data}
\end{record}

\begin{record}{"#12"}
\begin{data}
simulationResult:{
 [
  {
   {{0.96585514065599,0.24308273825104,-8.96360955908771e-02}{-0.22903910139038,0.96283592702393,0.14313653505047}{0.12109887407688,-0.11771898740791,0.98563548165687}}
   {0.12137038954298,7.92260610456628e-02,0.19746508499827}
   {0.34000000000000,0.34000000000000,8.00000000000000e-02}
   {0.0,0.0,0.0}
   []
  }
 ]
 [
 ]
 {0.0,0.0,0.0}
 {0.0,0.0,0.0}
 0.0
}
\end{data}
\end{record}

\begin{record}{"#13"}
\begin{data}
simulationResult:{
 [
  {
   {{0.96014156762787,0.26320215833448,-9.40892871754082e-02}{-0.24679251530661,0.95630953915731,0.15673391370529}{0.13123118722980,-0.12726621376003,0.98314886275347}}
   {0.12315844480526,7.75412563952897e-02,0.19702626989767}
   {0.34000000000000,0.34000000000000,8.00000000000000e-02}
   {0.0,0.0,0.0}
   []
  }
 ]
 [
 ]
 {0.0,0.0,0.0}
 {0.0,0.0,0.0}
 0.0
}
\end{data}
\end{record}

\begin{record}{"#14"}
\begin{data}
simulationResult:{
 [
  {
   {{0.95402768943125,0.28322981976464,-9.80409964992133e-02}{-0.26428867183779,0.94925051744222,0.17051379144775}{0.14136005707656,-0.13676375372063,0.98046571073728}}
   {0.12494589242528,7.58652199316541e-02,0.19655277248305}
   {0.34000000000000,0.34000000000000,8.00000000000000e-02}
   {0.0,0.0,0.0}
   []
  }
 ]
 [
 ]
 {0.0,0.0,0.0}
 {0.0,0.0,0.0}
 0.0
}
\end{data}
\end{record}

\begin{record}{"#15"}
\begin{data}
simulationResult:{
 [
  {
   {{0.94752341380515,0.30315035227723,-0.10148519204902}{-0.28151760028372,0.94165949293291,0.18445931827869}{0.15148340180208,-0.14620965523362,0.97758657708406}}
   {0.12673236502390,7.41982961352431e-02,0.19604469007366}
   {0.34000000000000,0.34000000000000,8.00000000000000e-02}
   {0.0,0.0,0.0}
   []
  }
 ]
 [
 ]
 {0.0,0.0,0.0}
 {0.0,0.0,0.0}
 0.0
}
\end{data}
\end{record}

\begin{record}{"#16"}
\begin{data}
simulationResult:{
 [
  {
   {{0.94063891512057,0.32294836691017,-0.10441639560359}{-0.29846967865621,0.93353756063078,0.19855345329256}{0.16159914072684,-0.15560197685631,0.97451205355026}}
   {0.12851749542238,7.25408276135916e-02,0.19550212709711}
   {0.34000000000000,0.34000000000000,8.00000000000000e-02}
   {0.0,0.0,0.0}
   []
  }
 ]
 [
 ]
 {0.0,0.0,0.0}
 {0.0,0.0,0.0}
 0.0
}
\end{data}
\end{record}

\begin{record}{"#17"}
\begin{data}
simulationResult:{
 [
  {
   {{0.93338462262392,0.34260847037881,-0.10682968816712}{-0.31513564119336,0.92488628067753,0.21277898266542}{0.17170519473458,-0.16493878815843,0.97124277205135}}
   {0.13030091671787,7.08931550308651e-02,0.19492519506788}
   {0.34000000000000,0.34000000000000,8.00000000000000e-02}
   {0.0,0.0,0.0}
   []
  }
 ]
 [
 ]
 {0.0,0.0,0.0}
 {0.0,0.0,0.0}
 0.0
}
\end{data}
\end{record}

\begin{record}{"#18"}
\begin{data}
simulationResult:{
 [
  {
   {{0.92577120846093,0.36211527949661,-0.10872071532084}{-0.33150658548593,0.91570767909607,0.22711853782539}{0.18179948669961,-0.17421817011889,0.96777940453193}}
   {0.13208226235876,6.92556170378426e-02,0.19431401256446}
   {0.34000000000000,0.34000000000000,8.00000000000000e-02}
   {0.0,0.0,0.0}
   []
  }
 ]
 [
 ]
 {0.0,0.0,0.0}
 {0.0,0.0,0.0}
 0.0
}
\end{data}
\end{record}

\begin{record}{"#19"}
\begin{data}
simulationResult:{
 [
  {
   {{0.91780957549371,0.38145343562710,-0.11008569198737}{-0.34757397920910,0.90600424807781,0.24155461378686}{0.19187994191372,-0.18343821552023,0.96412266282768}}
   {0.13386116622007,6.76285502023120e-02,0.19366870520489}
   {0.34000000000000,0.34000000000000,8.00000000000000e-02}
   {0.0,0.0,0.0}
   []
  }
 ]
 [
 ]
 {0.0,0.0,0.0}
 {0.0,0.0,0.0}
 0.0
}
\end{data}
\end{record}

\begin{record}{"#20"}
\begin{data}
simulationResult:{
 [
  {
   {{0.90951084492384,0.40060761915270,-0.11092140660274}{-0.36332966645364,0.89577894581531,0.25606958762943}{0.20194448851259,-0.19259702934059,0.96027329851900}}
   {0.13563726267869,6.60122889398951e-02,0.19298940562100}
   {0.34000000000000,0.34000000000000,8.00000000000000e-02}
   {0.0,0.0,0.0}
   []
  }
 ]
 [
 ]
 {0.0,0.0,0.0}
 {0.0,0.0,0.0}
 0.0
}
\end{data}
\end{record}

\begin{record}{"#21"}
\begin{data}
simulationResult:{
 [
  {
   {{0.90088634373453,0.41956256394592,-0.11122522469185}{-0.37876587365066,0.88503519587974,0.27064573710251}{0.21199105790168,-0.20169272914322,0.95623210277656}}
   {0.13741018668853,6.44071654453137e-02,0.19227625343116}
   {0.34000000000000,0.34000000000000,8.00000000000000e-02}
   {0.0,0.0,0.0}
   []
  }
 ]
 [
 ]
 {0.0,0.0,0.0}
 {0.0,0.0,0.0}
 0.0
}
\end{data}
\end{record}

\begin{record}{"#22"}
\begin{data}
simulationResult:{
 [
  {
   {{0.89194759196505,0.43830307182864,-0.11099509184343}{-0.39387521508469,0.87377688614292,0.28526525933657}{0.22201758518132,-0.21072344546336,0.95199990619869}}
   {0.13917957385553,6.28135096241128e-02,0.19152939521153}
   {0.34000000000000,0.34000000000000,8.00000000000000e-02}
   {0.0,0.0,0.0}
   []
  }
 ]
 [
 ]
 {0.0,0.0,0.0}
 {0.0,0.0,0.0}
 0.0
}
\end{data}
\end{record}

\begin{record}{"#23"}
\begin{data}
simulationResult:{
 [
  {
   {{0.88270628983075,0.45681402700491,-0.11022953608168}{-0.40865069799009,0.86200836724445,0.29991028964136}{0.23202200957117,-0.21968732219249,0.94757757864064}}
   {0.14094506051256,6.12316490248545e-02,0.19074898446599}
   {0.34000000000000,0.34000000000000,8.00000000000000e-02}
   {0.0,0.0,0.0}
   []
  }
 ]
 [
 ]
 {0.0,0.0,0.0}
 {0.0,0.0,0.0}
 0.0
}
\end{data}
\end{record}

\begin{record}{"#24"}
\begin{data}
simulationResult:{
 [
  {
   {{0.87317430470240,0.47508041045289,-0.10892766963170}{-0.42308572722649,0.84973445060455,0.31456292037207}{0.24200227483375,-0.22858251695983,0.94296602903583}}
   {0.14270628379419,5.96619087717954e-02,0.18993518159456}
   {0.34000000000000,0.34000000000000,8.00000000000000e-02}
   {0.0,0.0,0.0}
   []
  }
 ]
 [
 ]
 {0.0,0.0,0.0}
 {0.0,0.0,0.0}
 0.0
}
\end{data}
\end{record}

\begin{record}{"#25"}
\begin{data}
simulationResult:{
 [
  {
   {{0.86336365795816,0.49308731426160,-0.10708919007714}{-0.43717410952923,0.83696040598406,0.32920521984367}{0.25195632969709,-0.23740720151097,0.93816620520902}}
   {0.14446288171125,5.81046114980636e-02,0.18908815386042}
   {0.34000000000000,0.34000000000000,8.00000000000000e-02}
   {0.0,0.0,0.0}
   []
  }
 ]
 [
 ]
 {0.0,0.0,0.0}
 {0.0,0.0,0.0}
 0.0
}
\end{data}
\end{record}

\begin{record}{"#26"}
\begin{data}
simulationResult:{
 [
  {
   {{0.85328651172230,0.51081995589805,-0.10471438090871}{-0.45091005733102,0.82369195859318,0.34381925127408}{0.26188212827629,-0.24615956208370,0.93317909368151}}
   {0.14621449322523,5.65600772793464e-02,0.18820807535556}
   {0.34000000000000,0.34000000000000,8.00000000000000e-02}
   {0.0,0.0,0.0}
   []
  }
 ]
 [
 ]
 {0.0,0.0,0.0}
 {0.0,0.0,0.0}
 0.0
}
\end{data}
\end{record}

\begin{record}{"#27"}
\begin{data}
simulationResult:{
 [
  {
   {{0.84295515550426,0.52826369239051,-0.10180411146280}{-0.46428819215204,0.80993528575119,0.35838709173648}{0.27177763049407,-0.25483779978074,0.92800571946833}}
   {0.14796075832248,5.50286235681048e-02,0.18729512696500}
   {0.34000000000000,0.34000000000000,8.00000000000000e-02}
   {0.0,0.0,0.0}
   []
  }
 ]
 [
 ]
 {0.0,0.0,0.0}
 {0.0,0.0,0.0}
 0.0
}
\end{data}
\end{record}

\begin{record}{"#28"}
\begin{data}
simulationResult:{
 [
  {
   {{0.83238199275218,0.54540403441366,-9.83598362504053e-02}{-0.47730354755548,0.79569701309976,0.37289085110133}{0.28164080250004,-0.26344013093949,0.92264714586765}}
   {0.14970131808824,5.35105651283261e-02,0.18634949632959}
   {0.34000000000000,0.34000000000000,8.00000000000000e-02}
   {0.0,0.0,0.0}
   []
  }
 ]
 [
 ]
 {0.0,0.0,0.0}
 {0.0,0.0,0.0}
 0.0
}
\end{data}
\end{record}

\begin{record}{"#29"}
\begin{data}
simulationResult:{
 [
  {
   {{0.82157952733483,0.56222666026160,-9.43835936768532e-02}{-0.48995157166646,0.78098421037298,0.38731269094836}{0.29146961708871,-0.27196478749863,0.91710447424216}}
   {0.15143581478036,5.20062139708299e-02,0.18537137780744}
   {0.34000000000000,0.34000000000000,8.00000000000000e-02}
   {0.0,0.0,0.0}
   []
  }
 ]
 [
 ]
 {0.0,0.0,0.0}
 {0.0,0.0,0.0}
 0.0
}
\end{data}
\end{record}

\begin{record}{"#30"}
\begin{data}
simulationResult:{
 [
  {
   {{0.81056034996612,0.57871742969448,-8.98780041535659e-02}{-0.50222812925253,0.76580438672752,0.40163484342918}{0.30126205411619,-0.28041001736154,0.91137884379274}}
   {0.15316389190286,5.05158792891395e-02,0.18436097243401}
   {0.34000000000000,0.34000000000000,8.00000000000000e-02}
   {0.0,0.0,0.0}
   []
  }
 ]
 [
 ]
 {0.0,0.0,0.0}
 {0.0,0.0,0.0}
 0.0
}
\end{data}
\end{record}

\begin{record}{"#31"}
\begin{data}
simulationResult:{
 [
  {
   {{0.79933712458618,0.59486239764504,-8.48462676038227e-02}{-0.51412950336438,0.75016548563708,0.41583963006090}{0.31101610091537,-0.28877408475639,0.90547143132432}}
   {0.15488519427918,4.90398673959324e-02,0.18331848788076}
   {0.34000000000000,0.34000000000000,8.00000000000000e-02}
   {0.0,0.0,0.0}
   []
  }
 ]
 [
 ]
 {0.0,0.0,0.0}
 {0.0,0.0,0.0}
 0.0
}
\end{data}
\end{record}

\begin{record}{"#32"}
\begin{data}
simulationResult:{
 [
  {
   {{0.78792257471338,0.61064782777121,-7.92921603649472e-02}{-0.52565239653586,0.73407587935533,0.42990948043140}{0.32072975270957,-0.29705527059286,0.89938345100400}}
   {0.15659936812522,4.75784816600833e-02,0.18224413841247}
   {0.34000000000000,0.34000000000000,8.00000000000000e-02}
   {0.0,0.0,0.0}
   []
  }
 ]
 [
 ]
 {0.0,0.0,0.0}
 {0.0,0.0,0.0}
 0.0
}
\end{data}
\end{record}

\begin{record}{"#33"}
\begin{data}
simulationResult:{
 [
  {
   {{0.77632946978126,0.62606020584106,-7.32200314900555e-02}{-0.53679393154305,0.71754436295245,0.44382695079694}{0.33040101302463,-0.30525187281557,0.89311615411148}}
   {0.15830606112199,4.61320224443115e-02,0.18113814484320}
   {0.34000000000000,0.34000000000000,8.00000000000000e-02}
   {0.0,0.0,0.0}
   []
  }
 ]
 [
 ]
 {0.0,0.0,0.0}
 {0.0,0.0,0.0}
 0.0
}
\end{data}
\end{record}

\begin{record}{"#34"}
\begin{data}
simulationResult:{
 [
  {
   {{0.76457061147467,0.64108625293666,-6.66347984531067e-02}{-0.54755165172219,0.70058014793028,0.45757474255283}{0.34002789409923,-0.31336220675380,0.88667082878193}}
   {0.16000492248810,4.47007870434467e-02,0.18000073449093}
   {0.34000000000000,0.34000000000000,8.00000000000000e-02}
   {0.0,0.0,0.0}
   []
  }
 ]
 [
 ]
 {0.0,0.0,0.0}
 {0.0,0.0,0.0}
 0.0
}
\end{data}
\end{record}

\begin{record}{"#35"}
\begin{data}
simulationResult:{
 [
  {
   {{0.75265882007927,0.65571293846362,-5.95419422615963e-02}{-0.55792352084713,0.68319285542202,0.47113572055815}{0.34960841729343,-0.32138460546782,0.88004879974117}}
   {0.16169560305178,4.32850696233253e-02,0.17883214113079}
   {0.34000000000000,0.34000000000000,8.00000000000000e-02}
   {0.0,0.0,0.0}
   []
  }
 ]
 [
 ]
 {0.0,0.0,0.0}
 {0.0,0.0,0.0}
 0.0
}
\end{data}
\end{record}

\begin{record}{"#36"}
\begin{data}
simulationResult:{
 [
  {
   {{0.74060692085854,0.66992749295299,-5.19475019818513e-02}{-0.56790792256721,0.66539250898250,0.48449293129557}{0.35914061349536,-0.32931742009147,0.87325142803346}}
   {0.16337775532271,4.18851611603293e-02,0.17763260494708}
   {0.34000000000000,0.34000000000000,8.00000000000000e-02}
   {0.0,0.0,0.0}
   []
  }
 ]
 [
 ]
 {0.0,0.0,0.0}
 {0.0,0.0,0.0}
 0.0
}
\end{data}
\end{record}

\begin{record}{"#37"}
\begin{data}
simulationResult:{
 [
  {
   {{0.72842773047232,0.68371742064276,-4.38580686824923e-02}{-0.57750365940687,0.64718952697561,0.49762962084744}{0.36862252352593,-0.33715902017104,0.86628011074172}}
   {0.16505103356340,4.05013493815815e-02,0.17640237248383}
   {0.34000000000000,0.34000000000000,8.00000000000000e-02}
   {0.0,0.0,0.0}
   []
  }
 ]
 [
 ]
 {0.0,0.0,0.0}
 {0.0,0.0,0.0}
 0.0
}
\end{data}
\end{record}

\begin{record}{"#38"}
\begin{data}
simulationResult:{
 [
  {
   {{0.71613404345100,0.69707051182619,-3.52807788022188e-02}{-0.58670995132898,0.62859471456585,0.51052925266964}{0.37805219854151,-0.34490779400043,0.85913628070038}}
   {0.16671509386027,3.91339187058074e-02,0.17514169659418}
   {0.34000000000000,0.34000000000000,8.00000000000000e-02}
   {0.0,0.0,0.0}
   []
  }
 ]
 [
 ]
 {0.0,0.0,0.0}
 {0.0,0.0,0.0}
 0.0
}
\end{data}
\end{record}

\begin{record}{"#39"}
\begin{data}
simulationResult:{
 [
  {
   {{0.70373861873933,0.70997485495441,-2.62233069486715e-02}{-0.59552643386411,0.60961925532135,0.52317552514480}{0.38742770043449,-0.35256214895236,0.85182140620094}}
   {0.16836959419432,3.77831501848788e-02,0.17385083638840}
   {0.34000000000000,0.34000000000000,8.00000000000000e-02}
   {0.0,0.0,0.0}
   []
  }
 ]
 [
 ]
 {0.0,0.0,0.0}
 {0.0,0.0,0.0}
 0.0
}
\end{data}
\end{record}

\begin{record}{"#40"}
\begin{data}
simulationResult:{
 [
  {
   {{0.69125416632366,0.72241884848108,-1.66938581357103e-02}{-0.60395315580848,0.59027470243612,0.53555238889667}{0.39674710223159,-0.36012051180573,0.84433699069010}}
   {0.17001419451146,3.64493214460479e-02,0.17253005718060}
   {0.34000000000000,0.34000000000000,8.00000000000000e-02}
   {0.0,0.0,0.0}
   []
  }
 ]
 [
 ]
 {0.0,0.0,0.0}
 {0.0,0.0,0.0}
 0.0
}
\end{data}
\end{record}

\begin{record}{"#41"}
\begin{data}
simulationResult:{
 [
  {
   {{0.67869333395646,0.73439121243712,-6.70115946702250e-03}{-0.61199057649376,0.57057296957972,0.54764406384788}{0.40600848848996,-0.36758132906898,0.83668457246084}}
   {0.17164855679235,3.51327066348857e-02,0.17117963043427}
   {0.34000000000000,0.34000000000000,8.00000000000000e-02}
   {0.0,0.0,0.0}
   []
  }
 ]
 [
 ]
 {0.0,0.0,0.0}
 {0.0,0.0,0.0}
 0.0
}
\end{data}
\end{record}

\begin{record}{"#42"}
\begin{data}
simulationResult:{
 [
  {
   {{0.66606869399175,0.74588099972373,3.74554872545245e-03}{-0.61963956263245,0.55052632138279,0.55943505600328}{0.41520995569085,-0.37494306729936,0.82886572433619}}
   {0.17327234512191,3.38335763589365e-02,0.16979983370639}
   {0.34000000000000,0.34000000000000,8.00000000000000e-02}
   {0.0,0.0,0.0}
   []
  }
 ]
 [
 ]
 {0.0,0.0,0.0}
 {0.0,0.0,0.0}
 0.0
}
\end{data}
\end{record}

\begin{record}{"#43"}
\begin{data}
simulationResult:{
 [
  {
   {{0.65339273034498,0.75687760711221,1.46365222792316e-02}{-0.62690138474278,0.53014736356747,0.57091017394162}{0.42434961263082,-0.38220421341811,0.82088205334599}}
   {0.17488522575838,3.25521976320990e-02,0.16839095059047}
   {0.34000000000000,0.34000000000000,8.00000000000000e-02}
   {0.0,0.0,0.0}
   []
  }
 ]
 [
 ]
 {0.0,0.0,0.0}
 {0.0,0.0,0.0}
 0.0
}
\end{data}
\end{record}

\begin{record}{"#44"}
\begin{data}
simulationResult:{
 [
  {
   {{0.64067782559082,0.76737078593938,2.59615231255400e-02}{-0.63377771315763,0.50944903273179,0.58205454499843}{0.43342558081048,-0.38936327502145,0.81273520039658}}
   {0.17648686720185,3.12888338197457e-02,0.16695327065822}
   {0.34000000000000,0.34000000000000,8.00000000000000e-02}
   {0.0,0.0,0.0}
   []
  }
 ]
 [
 ]
 {0.0,0.0,0.0}
 {0.0,0.0,0.0}
 0.0
}
\end{data}
\end{record}

\begin{record}{"#45"}
\begin{data}
simulationResult:{
 [
  {
   {{0.62793624821201,0.77735065248777,3.77098297299586e-02}{-0.64027061362251,0.48844458579783,0.59285363112343}{0.44243599482059,-0.39641878068731,0.80442683993357}}
   {0.17807694026246,3.00437445845931e-02,0.16548708940004}
   {0.34000000000000,0.34000000000000,8.00000000000000e-02}
   {0.0,0.0,0.0}
   []
  }
 ]
 [
 ]
 {0.0,0.0,0.0}
 {0.0,0.0,0.0}
 0.0
}
\end{data}
\end{record}

\begin{record}{"#46"}
\begin{data}
simulationResult:{
 [
  {
   {{0.61518014001233,0.78680769803997,4.98702480387953e-02}{-0.64638254248783,0.46714758913348,0.60329324439591}{0.45137900272540,-0.40336928027779,0.79595867959763}}
   {0.17965511812801,2.88171858333326e-02,0.16399270816429}
   {0.34000000000000,0.34000000000000,8.00000000000000e-02}
   {0.0,0.0,0.0}
   []
  }
 ]
 [
 ]
 {0.0,0.0,0.0}
 {0.0,0.0,0.0}
 0.0
}
\end{data}
\end{record}

\begin{record}{"#47"}
\begin{data}
simulationResult:{
 [
  {
   {{0.60242150370679,0.79573279859674,6.24311229199910e-02}{-0.65211634150117,0.44557190735811,0.61335956218223}{0.46025276644337,-0.41021334523715,0.78733245987357}}
   {0.18122107643118,2.76094096640333e-02,0.16247043409533}
   {0.34000000000000,0.34000000000000,8.00000000000000e-02}
   {0.0,0.0,0.0}
   []
  }
 ]
 [
 ]
 {0.0,0.0,0.0}
 {0.0,0.0,0.0}
 0.0
}
\end{data}
\end{record}

\begin{record}{"#48"}
\begin{data}
simulationResult:{
 [
  {
   {{0.58967219070139,0.80411722424918,7.53803500868536e-02}{-0.65747523220594,0.42373169184284,0.62303914191948}{0.46905546212487,-0.41694956888549,0.77854995373260}}
   {0.18277449331615,2.64206643143270e-02,0.16092058007046}
   {0.34000000000000,0.34000000000000,8.00000000000000e-02}
   {0.0,0.0,0.0}
   []
  }
 ]
 [
 ]
 {0.0,0.0,0.0}
 {0.0,0.0,0.0}
 0.0
}
\end{data}
\end{record}

\begin{record}{"#49"}
\begin{data}
simulationResult:{
 [
  {
   {{0.57694388907524,0.81195264819517,8.87053884924243e-02}{-0.66246280995265,0.40164136891620,0.63231893551021}{0.47778528052713,-0.42357656670781,0.76961296626788}}
   {0.18431504950479,2.52511941103881e-02,0.15934346463550}
   {0.34000000000000,0.34000000000000,8.00000000000000e-02}
   {0.0,0.0,0.0}
   []
  }
 ]
 [
 ]
 {0.0,0.0,0.0}
 {0.0,0.0,0.0}
 0.0
}
\end{data}
\end{record}

\begin{record}{"#50"}
\begin{data}
simulationResult:{
 [
  {
   {{0.56424811177716,0.81923115539085,0.10239327318179}{-0.66708303753013,0.37931562778655,0.64118630331322}{0.48644042738601,-0.43009297663862,0.76052333432358}}
   {0.18584242836223,2.41012394167161e-02,0.15773941193945}
   {0.34000000000000,0.34000000000000,8.00000000000000e-02}
   {0.0,0.0,0.0}
   []
  }
 ]
 [
 ]
 {0.0,0.0,0.0}
 {0.0,0.0,0.0}
 0.0
}
\end{data}
\end{record}

\begin{record}{"#51"}
\begin{data}
simulationResult:{
 [
  {
   {{0.55159618504879,0.82594525082838,0.11643062858917}{-0.67134023842379,0.35676940819267,0.64962902771577}{0.49501912378484,-0.43649745934186,0.75128292611731}}
   {0.18735631596203,2.29710365867321e-02,0.15610875166776}
   {0.34000000000000,0.34000000000000,8.00000000000000e-02}
   {0.0,0.0,0.0}
   []
  }
 ]
 [
 ]
 {0.0,0.0,0.0}
 {0.0,0.0,0.0}
 0.0
}
\end{data}
\end{record}

\begin{record}{"#52"}
\begin{data}
simulationResult:{
 [
  {
   {{0.53899923708603,0.83208786743124,0.13080368226622}{-0.67523908970866,0.33401788779439,0.65763532627346}{0.50351960652004,-0.44278869848620,0.74189364085616}}
   {0.18885640115059,2.18608179142021e-02,0.15445181897461}
   {0.34000000000000,0.34000000000000,8.00000000000000e-02}
   {0.0,0.0,0.0}
   []
  }
 ]
 [
 ]
 {0.0,0.0,0.0}
 {0.0,0.0,0.0}
 0.0
}
\end{data}
\end{record}

\begin{record}{"#53"}
\begin{data}
simulationResult:{
 [
  {
   {{0.52646818695033,0.83765237355917,0.14549827902738}{-0.67878461458553,0.31107646931524,0.66519386440371}{0.51194012846348,-0.44896540101556,0.73235740834632}}
   {0.19034237561120,2.07708115854913e-02,0.15276895441405}
   {0.34000000000000,0.34000000000000,8.00000000000000e-02}
   {0.0,0.0,0.0}
   []
  }
 ]
 [
 ]
 {0.0,0.0,0.0}
 {0.0,0.0,0.0}
 0.0
}
\end{data}
\end{record}

\begin{record}{"#54"}
\begin{data}
simulationResult:{
 [
  {
   {{0.51401373374103,0.84263258011471,0.16049989549792}{-0.68198217456841,0.28796076744952,0.67229376762010}{0.52027895892161,-0.45502629741491,0.72267618859647}}
   {0.19181393392734,1.97012416326654e-02,0.15106050386996}
   {0.34000000000000,0.34000000000000,8.00000000000000e-02}
   {0.0,0.0,0.0}
   []
  }
 ]
 [
 ]
 {0.0,0.0,0.0}
 {0.0,0.0,0.0}
 0.0
}
\end{data}
\end{record}

\begin{record}{"#55"}
\begin{data}
simulationResult:{
 [
  {
   {{0.50164634603981,0.84702274724424,0.17579365504968}{-0.68483746133223,0.26468659554634,0.67892463329453}{0.52853438399117,-0.46097014197116,0.71285197141494}}
   {0.19327077364550,1.86523278874441e-02,0.14932681848499}
   {0.34000000000000,0.34000000000000,8.00000000000000e-02}
   {0.0,0.0,0.0}
   []
  }
 ]
 [
 ]
 {0.0,0.0,0.0}
 {0.0,0.0,0.0}
 0.0
}
\end{data}
\end{record}

\begin{record}{"#56"}
\begin{data}
simulationResult:{
 [
  {
   {{0.48937625163791,0.85081759062635,0.19136434310919}{-0.68735648823006,0.24126995208336,0.68507654193509}{0.53670470691142,-0.46679571302924,0.70288677600069}}
   {0.19471259533731,1.76242859360189e-02,0.14756825458835}
   {0.34000000000000,0.34000000000000,8.00000000000000e-02}
   {0.0,0.0,0.0}
   []
  }
 ]
 [
 ]
 {0.0,0.0,0.0}
 {0.0,0.0,0.0}
 0.0
}
\end{data}
\end{record}

\begin{record}{"#57"}
\begin{data}
simulationResult:{
 [
  {
   {{0.47721342755634,0.85401228734103,0.20719642282256}{-0.68954558148908,0.21772700694328,0.69074006796798}{0.54478824841293,-0.47250181324314,0.69278265052838}}
   {0.19613910266110,1.66173270747424e-02,0.14578517362265}
   {0.34000000000000,0.34000000000000,8.00000000000000e-02}
   {0.0,0.0,0.0}
   []
  }
 ]
 [
 ]
 {0.0,0.0,0.0}
 {0.0,0.0,0.0}
 0.0
}
\end{data}
\end{record}

\begin{record}{"#58"}
\begin{data}
simulationResult:{
 [
  {
   {{0.46516759036943,0.85660248131364,0.22327405106104}{-0.69141137109545,0.19407408750635,0.69590629001216}{0.55278334706267,-0.47808726982204,0.68254167172730}}
   {0.19755000242282,1.56316582667009e-02,0.14397794206952}
   {0.34000000000000,0.34000000000000,8.00000000000000e-02}
   {0.0,0.0,0.0}
   []
  }
 ]
 [
 ]
 {0.0,0.0,0.0}
 {0.0,0.0,0.0}
 0.0
}
\end{data}
\end{record}

\begin{record}{"#59"}
\begin{data}
simulationResult:{
 [
  {
   {{0.45324818684121,0.85858428832769,0.23958109475082}{-0.69296078137800,0.17032766457214,0.70056680063603}{0.56068835960554,-0.48355093477135,0.67216594445464}}
   {0.19894500463627,1.46674820991761e-02,0.14214693137435}
   {0.34000000000000,0.34000000000000,8.00000000000000e-02}
   {0.0,0.0,0.0}
   []
  }
 ]
 [
 ]
 {0.0,0.0,0.0}
 {0.0,0.0,0.0}
 0.0
}
\end{data}
\end{record}

\begin{record}{"#60"}
\begin{data}
simulationResult:{
 [
  {
   {{0.44146438488407,0.85995430060139,0.25610114751032}{-0.69420102130124,0.14650433812436,0.70471371558602}{0.56850166130210,-0.48889168512864,0.66165760126279}}
   {0.20032382258272,1.37249967420064e-02,0.14029251786990}
   {0.34000000000000,0.34000000000000,8.00000000000000e-02}
   {0.0,0.0,0.0}
   []
  }
 ]
 [
 ]
 {0.0,0.0,0.0}
 {0.0,0.0,0.0}
 0.0
}
\end{data}
\end{record}

\begin{record}{"#61"}
\begin{data}
simulationResult:{
 [
  {
   {{0.42982506484893,0.86070959092295,0.27281754657803}{-0.69513957447853,0.12262082295232,0.70833968247748}{0.57622164626246,-0.49410842319448,0.65101880196108}}
   {0.20168617286984,1.28043959068578e-02,0.13841508269901}
   {0.34000000000000,0.34000000000000,8.00000000000000e-02}
   {0.0,0.0,0.0}
   []
  }
 ]
 [
 ]
 {0.0,0.0,0.0}
 {0.0,0.0,0.0}
 0.0
}
\end{data}
\end{record}

\begin{record}{"#62"}
\begin{data}
simulationResult:{
 [
  {
   {{0.41833881115531,0.86084771634021,0.28971339001330}{-0.69578418891631,9.86939341429554e-02,0.71143788893863}{0.58384672777642,-0.49920007675803,0.64025173317184}}
   {0.20303177548995,1.19058688074082e-02,0.13651501173621}
   {0.34000000000000,0.34000000000000,8.00000000000000e-02}
   {0.0,0.0,0.0}
   []
  }
 ]
 [
 ]
 {0.0,0.0,0.0}
 {0.0,0.0,0.0}
 0.0
}
\end{data}
\end{record}

\begin{record}{"#63"}
\begin{data}
simulationResult:{
 [
  {
   {{0.40701390426999,0.86036672140061,0.30677155415270}{-0.69614286650075,7.47405724575405e-02,0.71400207019926}{0.59137533863953,-0.50416559931741,0.62935860788099}}
   {0.20436035387756,1.10296001204586e-02,0.13459269550841}
   {0.34000000000000,0.34000000000000,8.00000000000000e-02}
   {0.0,0.0,0.0}
   []
  }
 ]
 [
 ]
 {0.0,0.0,0.0}
 {0.0,0.0,0.0}
 0.0
}
\end{data}
\end{record}

\begin{record}{"#64"}
\begin{data}
simulationResult:{
 [
  {
   {{0.39585831304195,0.85926514093799,0.32397471130384}{-0.69622385223840,5.07777096070887e-02,0.71602651611612}{0.59880593147523,-0.50900397029481,0.61834166498321}}
   {0.20567163496621,1.01757699479767e-02,0.13264852911468}
   {0.34000000000000,0.34000000000000,8.00000000000000e-02}
   {0.0,0.0,0.0}
   []
  }
 ]
 [
 ]
 {0.0,0.0,0.0}
 {0.0,0.0,0.0}
 0.0
}
\end{data}
\end{record}

\begin{record}{"#65"}
\begin{data}
simulationResult:{
 [
  {
   {{0.38487968740132,0.85754200240310,0.34130534765858}{-0.69603562326257,2.68223734408407e-02,0.71750607762756}{0.60613697905288,-0.51371419524623,0.60720316882174}}
   {0.20696534924462,9.34455378007819e-03,0.13068291214501}
   {0.34000000000000,0.34000000000000,8.00000000000000e-02}
   {0.0,0.0,0.0}
   []
  }
 ]
 [
 ]
 {0.0,0.0,0.0}
 {0.0,0.0,0.0}
 0.0
}
\end{data}
\end{record}

\begin{record}{"#66"}
\begin{data}
simulationResult:{
 [
  {
   {{0.37408535142960,0.85519682773516,0.35874578140727}{-0.69558687761760,2.89163306211719e-03,0.71843617263083}{0.61336697460166,-0.51829530606591,0.59594540872302}}
   {0.20824123081206,8.53612245895934e-03,0.12869624859818}
   {0.34000000000000,0.34000000000000,8.00000000000000e-02}
   {0.0,0.0,0.0}
   []
  }
 ]
 [
 ]
 {0.0,0.0,0.0}
 {0.0,0.0,0.0}
 0.0
}
\end{data}
\end{record}

\begin{record}{"#67"}
\begin{data}
simulationResult:{
 [
  {
   {{0.36348229680771,0.85222963477230,0.37627818103535}{-0.69488652283315,-2.09974161140064e-02,0.71881279127558}{0.62049443212027,-0.52274636118524,0.58457069852614}}
   {0.20949901743299,7.75064214378261e-03,0.12668894679873}
   {0.34000000000000,0.34000000000000,8.00000000000000e-02}
   {0.0,0.0,0.0}
   []
  }
 ]
 [
 ]
 {0.0,0.0,0.0}
 {0.0,0.0,0.0}
 0.0
}
\end{data}
\end{record}

\begin{record}{"#68"}
\begin{data}
simulationResult:{
 [
  {
   {{0.35307717664867,0.84864093819911,0.39388458378355}{-0.69394366430106,-4.48276673467102e-02,0.71863250066822}{0.62751788668230,-0.52706644576637,0.57308137610726}}
   {0.21073845059099,6.98827427652569e-03,0.12466141931304}
   {0.34000000000000,0.34000000000000,8.00000000000000e-02}
   {0.0,0.0,0.0}
   []
  }
 ]
 [
 ]
 {0.0,0.0,0.0}
 {0.0,0.0,0.0}
 0.0
}
\end{data}
\end{record}

\begin{record}{"#69"}
\begin{data}
simulationResult:{
 [
  {
   {{0.34287629972051,0.84443175003012,0.41154691425285}{-0.69276759346748,-6.85820175845711e-02,0.71789244898195}{0.63443589473740,-0.53125467189015,0.56147980289913}}
   {0.21195927554189,6.24917554880049e-03,0.12261408286455}
   {0.34000000000000,0.34000000000000,8.00000000000000e-02}
   {0.0,0.0,0.0}
   []
  }
 ]
 [
 ]
 {0.0,0.0,0.0}
 {0.0,0.0,0.0}
 0.0
}
\end{data}
\end{record}

\begin{record}{"#70"}
\begin{data}
simulationResult:{
 [
  {
   {{0.33288562506535,0.83960357962826,0.42924700313487}{-0.69136777585298,-9.22433824952625e-02,0.71659036896817}{0.64124703440793,-0.53531017873869,0.54976836340571}}
   {0.21316124136610,5.53349786964595e-03,0.12054735824806}
   {0.34000000000000,0.34000000000000,8.00000000000000e-02}
   {0.0,0.0,0.0}
   []
  }
 ]
 [
 ]
 {0.0,0.0,0.0}
 {0.0,0.0,0.0}
 0.0
}
\end{data}
\end{record}

\begin{record}{"#71"}
\begin{data}
simulationResult:{
 [
  {
   {{0.32311075701952,0.83415843325810,0.44696660604866}{-0.68975383891388,-0.11579471149520,0.71472458086546}{0.64794990578118,-0.53923213277227,0.53794946471210}}
   {0.21434410102021,4.84138833430810e-03,0.11846167024331}
   {0.34000000000000,0.34000000000000,8.00000000000000e-02}
   {0.0,0.0,0.0}
   []
  }
 ]
 [
 ]
 {0.0,0.0,0.0}
 {0.0,0.0,0.0}
 0.0
}
\end{data}
\end{record}

\begin{record}{"#72"}
\begin{data}
simulationResult:{
 [
  {
   {{0.31355694063975,0.82809881317386,0.46468742246448}{-0.68793555975778,-0.13921900276451,0.71229399470303}{0.65454313119717,-0.54301972790065,0.52602553598976}}
   {0.21550761138773,4.17298919400584e-03,0.11635744752760}
   {0.34000000000000,0.34000000000000,8.00000000000000e-02}
   {0.0,0.0,0.0}
   []
  }
 ]
 [
 ]
 {0.0,0.0,0.0}
 {0.0,0.0,0.0}
 0.0
}
\end{data}
\end{record}

\begin{record}{"#73"}
\begin{data}
simulationResult:{
 [
  {
   {{0.30422905753951,0.82142771624282,0.48239111469504}{-0.68592285272672,-0.16249931823279,0.70929811199601}{0.66102535553173,-0.54667218564875,0.51399902799730}}
   {0.21665153332913,3.52843782669392e-03,0.11423512258776}
   {0.34000000000000,0.34000000000000,8.00000000000000e-02}
   {0.0,0.0,0.0}
   []
  }
 ]
 [
 ]
 {0.0,0.0,0.0}
 {0.0,0.0,0.0}
 0.0
}
\end{data}
\end{record}

\begin{record}{"#74"}
\begin{data}
simulationResult:{
 [
  {
   {{0.29513162213959,0.81414863210518,0.50005932693483}{-0.68372575686143,-0.18561879852095,0.70573702683075}{0.66739524647507,-0.55018875531666,0.50187241257672}}
   {0.21777563173089,2.90786670882709e-03,0.11209513163118}
   {0.34000000000000,0.34000000000000,8.00000000000000e-02}
   {0.0,0.0,0.0}
   []
  }
 ]
 [
 ]
 {0.0,0.0,0.0}
 {0.0,0.0,0.0}
 0.0
}
\end{data}
\end{record}

\begin{record}{"#75"}
\begin{data}
simulationResult:{
 [
  {
   {{0.28626877833615,0.80626554087186,0.51767370432787}{-0.68135442326010,-0.20856067782474,0.70161142633881}{0.67365149480560,-0.55356871413393,0.48964818214539}}
   {0.21887967555393,2.31140338813218e-03,0.10993791449624}
   {0.34000000000000,0.34000000000000,8.00000000000000e-02}
   {0.0,0.0,0.0}
   []
  }
 ]
 [
 ]
 {0.0,0.0,0.0}
 {0.0,0.0,0.0}
 0.0
}
\end{data}
\end{record}

\begin{record}{"#76"}
\begin{data}
simulationResult:{
 [
  {
   {{0.27764429658953,0.79778291036212,0.53521591204433}{-0.67881910234561,-0.23130829872539,0.69692259055900}{0.67979281465900,-0.55681136740812,0.47732884918376}}
   {0.21996343788100,1.73917045739234e-03,0.10776391456184}
   {0.34000000000000,0.34000000000000,8.00000000000000e-02}
   {0.0,0.0,0.0}
   []
  }
 ]
 [
 ]
 {0.0,0.0,0.0}
 {0.0,0.0,0.0}
 0.0
}
\end{data}
\end{record}

\begin{record}{"#77"}
\begin{data}
simulationResult:{
 [
  {
   {{0.26926157143607,0.78870569288361,0.55266765434641}{-0.67613013105464,-0.25384512691295,0.69167239168741}{0.68581794379253,-0.55991604866759,0.46491694571897}}
   {0.22102669596339,1.19128552925124e-03,0.10557357865629}
   {0.34000000000000,0.34000000000000,8.00000000000000e-02}
   {0.0,0.0,0.0}
   []
  }
 ]
 [
 ]
 {0.0,0.0,0.0}
 {0.0,0.0,0.0}
 0.0
}
\end{data}
\end{record}

\begin{record}{"#78"}
\begin{data}
simulationResult:{
 [
  {
   {{0.26112361942538,0.77903932155745,0.57001069362381}{-0.67329791996273,-0.27615476580806,0.68586329271609}{0.69172564384447,-0.56288211979846,0.45241502280444}}
   {0.22206923126667,6.67861212038268e-04,0.10336735696549}
   {0.34000000000000,0.34000000000000,8.00000000000000e-02}
   {0.0,0.0,0.0}
   []
  }
 ]
 [
 ]
 {0.0,0.0,0.0}
 {0.0,0.0,0.0}
 0.0
}
\end{data}
\end{record}

\begin{record}{"#79"}
\begin{data}
simulationResult:{
 [
  {
   {{0.25323307748448,0.76878970619188,0.58722686937941}{-0.67033294035913,-0.29822097106778,0.67949834546146}{0.69751470058861,-0.56570897117580,0.43982564999553}}
   {0.22309082951563,1.69005086625429e-04,0.10114570294039}
   {0.34000000000000,0.34000000000000,8.00000000000000e-02}
   {0.0,0.0,0.0}
   []
  }
 ]
 [
 ]
 {0.0,0.0,0.0}
 {0.0,0.0,0.0}
 0.0
}
\end{data}
\end{record}

\begin{record}{"#80"}
\begin{data}
simulationResult:{
 [
  {
   {{0.24559220171012,0.75796322870824,0.60429811714530}{-0.66724571128527,-0.32002766496155,0.67258118798452}{0.70318392418384,-0.56839602178890,0.42715141482145}}
   {0.22409128073832,-3.05180315685397e-04,9.89090732037846e-02}
   {0.34000000000000,0.34000000000000,8.00000000000000e-02}
   {0.0,0.0,0.0}
   []
  }
 ]
 [
 ]
 {0.0,0.0,0.0}
 {0.0,0.0,0.0}
 0.0
}
\end{data}
\end{record}

\begin{record}{"#81"}
\begin{data}
simulationResult:{
 [
  {
   {{0.23820286659018,0.74656673812328,0.62120648731012}{-0.66404678655090,-0.34155895060297,0.66511604140513}{0.70873214941870,-0.57094271936068,0.41439492225339}}
   {0.22507037930918,-7.54597534234860e-04,9.66579274564787e-02}
   {0.34000000000000,0.34000000000000,8.00000000000000e-02}
   {0.0,0.0,0.0}
   []
  }
 ]
 [
 ]
 {0.0,0.0,0.0}
 {0.0,0.0,0.0}
 0.0
}
\end{data}
\end{record}

\begin{record}{"#82"}
\begin{data}
simulationResult:{
 [
  {
   {{0.23106656465425,0.73460754509278,0.63793416383796}{-0.66074674174185,-0.36279912602393,0.65710770611354}{0.71415823595084,-0.57334854046123,0.40155879416912}}
   {0.22602792399132,-1.17915419903854e-03,9.43927283827845e-02}
   {0.34000000000000,0.34000000000000,8.00000000000000e-02}
   {0.0,0.0,0.0}
   []
  }
 ]
 [
 ]
 {0.0,0.0,0.0}
 {0.0,0.0,0.0}
 0.0
}
\end{data}
\end{record}

\begin{record}{"#83"}
\begin{data}
simulationResult:{
 [
  {
   {{0.22418440655338,0.72209341602132,0.65446348285979}{-0.65735616123338,-0.38373269807703,0.64856155738298}{0.71946106854146,-0.57561299061538,0.38864566881415}}
   {0.22696371797790,-1.57876304977149e-03,9.21139415554370e-02}
   {0.34000000000000,0.34000000000000,8.00000000000000e-02}
   {0.0,0.0,0.0}
   []
  }
 ]
 [
 ]
 {0.0,0.0,0.0}
 {0.0,0.0,0.0}
 0.0
}
\end{data}
\end{record}

\begin{record}{"#84"}
\begin{data}
simulationResult:{
 [
  {
   {{0.21755712156855,0.70903256674383,0.67077695111822}{-0.65388562522310,-0.40434439615286,0.63948354038738}{0.72463955728445,-0.57773560440433,0.37565820025944}}
   {0.22787756893255,-1.95334195370264e-03,8.98220353398997e-02}
   {0.34000000000000,0.34000000000000,8.00000000000000e-02}
   {0.0,0.0,0.0}
   []
  }
 ]
 [
 ]
 {0.0,0.0,0.0}
 {0.0,0.0,0.0}
 0.0
}
\end{data}
\end{record}

\begin{record}{"#85"}
\begin{data}
simulationResult:{
 [
  {
   {{0.21118505854648,0.69543365578491,0.68685726424663}{-0.65034569679727,-0.42461918569894,0.62988016462946}{0.72969263783047,-0.57971594556128,0.36259905785592}}
   {0.22876928902890,-2.30281392257700e-03,8.75174807981020e-02}
   {0.34000000000000,0.34000000000000,8.00000000000000e-02}
   {0.0,0.0,0.0}
   []
  }
 ]
 [
 ]
 {0.0,0.0,0.0}
 {0.0,0.0,0.0}
 0.0
}
\end{data}
\end{record}

\begin{record}{"#86"}
\begin{data}
simulationResult:{
 [
  {
   {{0.20506818726173,0.68130577720218,0.70268732486371}{-0.64674690904461,-0.44454228152684,0.61975849778455}{0.73461927160566,-0.58155360706116,0.34947092568584}}
   {0.22963869498923,-2.62710712843796e-03,8.52007515916183e-02}
   {0.34000000000000,0.34000000000000,8.00000000000000e-02}
   {0.0,0.0,0.0}
