\include {"pem1_3_def.udf"}


\begin{data}
unitParameter:{1.00000000000000e-02,1.00000000000000e-03,1.00000000000000,1.00000000000000}
body[]:[
 {
  0,
  [
   {
    {0.0,0.0,-9.75000000000000}
    1.00000000000000,
    "cylinder",
    {0.0}
    {1.00000000000000,0.25000000000000,{0.0,0.0,1.00000000000000}}
    {0.0,0.0,0.0,{0.0,0.0,0.0}{0.0,0.0,0.0}}
    {0.0,0.0,0.0,{0.0,0.0,0.0}{0.0,0.0,0.0}}
    {
     []
     [
     ]
    }
    {0.0,{0.0,0.0,0.0}}
   }
   {
    {0.0,0.0,-10.2500000000000}
    1.00000000000000,
    "cylinder",
    {0.0}
    {1.00000000000000,0.25000000000000,{0.0,0.0,1.00000000000000}}
    {0.0,0.0,0.0,{0.0,0.0,0.0}{0.0,0.0,0.0}}
    {0.0,0.0,0.0,{0.0,0.0,0.0}{0.0,0.0,0.0}}
    {
     []
     [
     ]
    }
    {0.0,{0.0,0.0,0.0}}
   }
   {
    {0.0,0.0,-5.00000000000000}
    0.0,
    "line",
    {0.0}
    {0.0,0.0,{0.0,0.0,0.0}}
    {0.0,0.0,0.0,{0.0,0.0,0.0}{0.0,0.0,0.0}}
    {0.0,0.0,0.0,{0.0,0.0,0.0}{0.0,0.0,0.0}}
    {
     []
     [
     ]
    }
    {5.00000000000000,{0.0,0.0,1.00000000000000}}
   }
  ]
  [{{0.0,0.0,-10.0000000000000}{0.0,0.0,100.000000000000}}]
  [{1.00000000000000,0.0,0.0,1.00000000000000}{0.0,0.0,1.00000000000000,1.00000000000000}{0.0,0.0,0.0,1.00000000000000}]
  {2.00000000000000,{0.0,0.0,-10.0000000000000}{200.627604166667,200.627604166667,1.00000000000000,0.0,0.0,0.0}}
 }
 {
  1,
  [
   {
    {0.0,0.0,0.25000000000000}
    1.00000000000000,
    "cylinder",
    {0.0}
    {1.00000000000000,0.25000000000000,{0.0,0.0,1.00000000000000}}
    {0.0,0.0,0.0,{0.0,0.0,0.0}{0.0,0.0,0.0}}
    {0.0,0.0,0.0,{0.0,0.0,0.0}{0.0,0.0,0.0}}
    {
     []
     [
     ]
    }
    {0.0,{0.0,0.0,0.0}}
   }
   {
    {0.0,0.0,-0.25000000000000}
    1.00000000000000,
    "cylinder",
    {0.0}
    {1.00000000000000,0.25000000000000,{0.0,0.0,1.00000000000000}}
    {0.0,0.0,0.0,{0.0,0.0,0.0}{0.0,0.0,0.0}}
    {0.0,0.0,0.0,{0.0,0.0,0.0}{0.0,0.0,0.0}}
    {
     []
     [
     ]
    }
    {0.0,{0.0,0.0,0.0}}
   }
  ]
  [{{0.0,0.0,0.0}{0.0,0.0,100.000000000000}}]
  [{1.00000000000000,0.0,0.0,1.00000000000000}{0.0,0.0,1.00000000000000,1.00000000000000}]
  {2.00000000000000,{0.0,0.0,0.0}{0.62760416666667,0.62760416666667,1.00000000000000,0.0,0.0,0.0}}
 }
]
simulation:{
 {100000,100,1.00000000000000e-03}
 {{-15.0000000000000,-15.0000000000000,-15.0000000000000}{15.0000000000000,15.0000000000000,0.0}}
 "4thOrderRungeKutta",
 "false",
 [{0,{0.0,0.0,0.0}{{1.00000000000000,0.0,0.0}{0.0,1.00000000000000,0.0}{0.0,0.0,1.00000000000000}}{1.00000000000000e-02,1.00000000000000e-02,0.0}{"false",{0.0,0.0,1.00000000000000}}}]
 [{1,{0.0,2.00000000000000,-12.0000000000000}{{1.00000000000000,0.0,0.0}{0.0,-1.00000000000000,0.0}{0.0,0.0,-1.00000000000000}}"fixed",{{0.0,0.0,0.0}}{{0.0,0.0,0.0}0.0,0.0,{0.0,0.0,0.0}{0.0,0.0,0.0}}}{1,{-2.00000000000000,-2.00000000000000,-12.0000000000000}{{1.00000000000000,0.0,0.0}{0.0,1.00000000000000,0.0}{0.0,0.0,1.00000000000000}}"fixed",{{0.0,0.0,0.0}}{{0.0,0.0,0.0}0.0,0.0,{0.0,0.0,0.0}{0.0,0.0,0.0}}}{1,{2.00000000000000,-2.00000000000000,-12.0000000000000}{{1.00000000000000,0.0,0.0}{0.0,1.00000000000000,0.0}{0.0,0.0,1.00000000000000}}"fixed",{{0.0,0.0,0.0}}{{0.0,0.0,0.0}0.0,0.0,{0.0,0.0,0.0}{0.0,0.0,0.0}}}]
 {0.0,0.0,-10.0000000000000}
 {"false",{{0.0,0.0,0.0}}{0.0,{0.0,0.0,0.0}{0.0,0.0,0.0}}}
 1.00000000000000e-01,
 {"true",10.0000000000000}
}
\end{data}

\begin{record}{"#0"}
\begin{data}
simulationResult:{
 [
  {
   {{1.00000000000000,0.0,0.0}{0.0,1.00000000000000,0.0}{0.0,0.0,1.00000000000000}}
   {1.00000000000000e-02,1.00000000000000e-02,0.0}
   {2.00627604166667,2.00627604166667,0.0}
   {0.0,0.0,0.0}
   [{{0.0,0.0,-10.0000000000000}{0.0,0.0,100.000000000000}}]
  }
 ]
 [
  {
   {0.0,2.00000000000000,-12.0000000000000}
   {{1.00000000000000,0.0,0.0}{0.0,-1.00000000000000,0.0}{0.0,0.0,-1.00000000000000}}
   [{{0.0,2.00000000000000,-12.0000000000000}{0.0,0.0,-100.000000000000}}]
  }
  {
   {-2.00000000000000,-2.00000000000000,-12.0000000000000}
   {{1.00000000000000,0.0,0.0}{0.0,1.00000000000000,0.0}{0.0,0.0,1.00000000000000}}
   [{{-2.00000000000000,-2.00000000000000,-12.0000000000000}{0.0,0.0,100.000000000000}}]
  }
  {
   {2.00000000000000,-2.00000000000000,-12.0000000000000}
   {{1.00000000000000,0.0,0.0}{0.0,1.00000000000000,0.0}{0.0,0.0,1.00000000000000}}
   [{{2.00000000000000,-2.00000000000000,-12.0000000000000}{0.0,0.0,100.000000000000}}]
  }
 ]
 {0.0,0.0,-10.0000000000000}
 {0.0,0.0,0.0}
 0.0
}
\end{data}
\end{record}

\begin{record}{"#1"}
\begin{data}
simulationResult:{
 [
  {
   {{0.99999950050490,-1.11796748973503e-08,-9.99494843738510e-04}{-5.20850635668112e-07,0.99999985832877,-5.32298942963308e-04}{9.99494708089777e-04,5.32299197670121e-04,0.99999935883374}}
   {-2.05887706113444e-02,1.00096761413332e-02,1.52502352516339e-05}
   {-4.13067572049126,2.00821734271985,3.05961800569329e-03}
   {-60.8434664959859,0.13781952207888,6.07394157942566e-02}
   [{{-9.99494708089769e-03,-5.32299197670121e-03,-9.99999358833741}{9.99494708089769e-02,5.32299197670121e-02,99.9999358833741}}]
  }
 ]
 [
  {
   {0.0,2.00000000000000,-12.0000000000000}
   {{1.00000000000000,0.0,0.0}{0.0,-1.00000000000000,0.0}{0.0,0.0,-1.00000000000000}}
   [{{0.0,2.00000000000000,-12.0000000000000}{0.0,0.0,-100.000000000000}}]
  }
  {
   {-2.00000000000000,-2.00000000000000,-12.0000000000000}
   {{1.00000000000000,0.0,0.0}{0.0,1.00000000000000,0.0}{0.0,0.0,1.00000000000000}}
   [{{-2.00000000000000,-2.00000000000000,-12.0000000000000}{0.0,0.0,100.000000000000}}]
  }
  {
   {2.00000000000000,-2.00000000000000,-12.0000000000000}
   {{1.00000000000000,0.0,0.0}{0.0,1.00000000000000,0.0}{0.0,0.0,1.00000000000000}}
   [{{2.00000000000000,-2.00000000000000,-12.0000000000000}{0.0,0.0,100.000000000000}}]
  }
 ]
 {0.0,0.0,-10.0000000000000}
 {0.0,0.0,0.0}
 0.0
}
\end{data}
\end{record}

\begin{record}{"#2"}
\begin{data}
simulationResult:{
 [
  {
   {{0.99999798836894,-2.09061685227226e-06,-2.00580500115606e-03}{-6.11009581666377e-06,0.99999164213392,-4.08847465224949e-03}{2.00579678434048e-03,4.08847868340764e-03,0.99998963050689}}
   {-5.03032904003419e-02,1.01354366340726e-02,5.94602791083809e-05}
   {-10.0922286347211,2.03344836907621,1.19293731341609e-02}
   {-58.0599753952035,0.36441913047532,0.11496779864123}
   [{{-2.00579678434047e-02,-4.08847868340764e-02,-9.99989630506894}{0.20057967843405,0.40884786834076,99.9989630506894}}]
  }
 ]
 [
  {
   {0.0,2.00000000000000,-12.0000000000000}
   {{1.00000000000000,0.0,0.0}{0.0,-1.00000000000000,0.0}{0.0,0.0,-1.00000000000000}}
   [{{0.0,2.00000000000000,-12.0000000000000}{0.0,0.0,-100.000000000000}}]
  }
  {
   {-2.00000000000000,-2.00000000000000,-12.0000000000000}
   {{1.00000000000000,0.0,0.0}{0.0,1.00000000000000,0.0}{0.0,0.0,1.00000000000000}}
   [{{-2.00000000000000,-2.00000000000000,-12.0000000000000}{0.0,0.0,100.000000000000}}]
  }
  {
   {2.00000000000000,-2.00000000000000,-12.0000000000000}
   {{1.00000000000000,0.0,0.0}{0.0,1.00000000000000,0.0}{0.0,0.0,1.00000000000000}}
   [{{2.00000000000000,-2.00000000000000,-12.0000000000000}{0.0,0.0,100.000000000000}}]
  }
 ]
 {0.0,0.0,-10.0000000000000}
 {0.0,0.0,0.0}
 0.0
}
\end{data}
\end{record}

\begin{record}{"#3"}
\begin{data}
simulationResult:{
 [
  {
   {{0.99999540887786,-9.35368006488125e-06,-3.03020390618808e-03}{-2.25583413819643e-05,0.99994454610897,-1.05311062122330e-02}{3.03013437418910e-03,1.05311262190122e-02,0.99993995503042}}
   {-7.81765465433689e-02,1.03713893238598e-02,1.27670697944913e-04}
   {-15.6843732350207,2.08078699192352,2.56142660391088e-02}
   {-53.5345303881505,0.58265547246866,0.15609018771718}
   [{{-3.03013437418909e-02,-0.10531126219012,-9.99939955030418}{0.30301343741891,1.05311262190122,99.9939955030418}}]
  }
 ]
 [
  {
   {0.0,2.00000000000000,-12.0000000000000}
   {{1.00000000000000,0.0,0.0}{0.0,-1.00000000000000,0.0}{0.0,0.0,-1.00000000000000}}
   [{{0.0,2.00000000000000,-12.0000000000000}{0.0,0.0,-100.000000000000}}]
  }
  {
   {-2.00000000000000,-2.00000000000000,-12.0000000000000}
   {{1.00000000000000,0.0,0.0}{0.0,1.00000000000000,0.0}{0.0,0.0,1.00000000000000}}
   [{{-2.00000000000000,-2.00000000000000,-12.0000000000000}{0.0,0.0,100.000000000000}}]
  }
  {
   {2.00000000000000,-2.00000000000000,-12.0000000000000}
   {{1.00000000000000,0.0,0.0}{0.0,1.00000000000000,0.0}{0.0,0.0,1.00000000000000}}
   [{{2.00000000000000,-2.00000000000000,-12.0000000000000}{0.0,0.0,100.000000000000}}]
  }
 ]
 {0.0,0.0,-10.0000000000000}
 {0.0,0.0,0.0}
 0.0
}
\end{data}
\end{record}

\begin{record}{"#4"}
\begin{data}
simulationResult:{
 [
  {
   {{0.99999166167367,-2.50494783512956e-05,-4.08362040920855e-03}{-5.51427461507460e-05,0.99980718900563,-1.96362361957490e-02}{4.08332491977031e-03,1.96362976444474e-02,0.99979885090573}}
   {-0.10347272441490,1.07202455090187e-02,2.12049477019725e-04}
   {-20.7594847959601,2.15077717254906,4.25429783444183e-02}
   {-47.8214877886205,0.82610531053734,0.17908505664455}
   [{{-4.08332491977031e-02,-0.19636297644447,-9.99798850905730}{0.40833249197703,1.96362976444474,99.9798850905730}}]
  }
 ]
 [
  {
   {0.0,2.00000000000000,-12.0000000000000}
   {{1.00000000000000,0.0,0.0}{0.0,-1.00000000000000,0.0}{0.0,0.0,-1.00000000000000}}
   [{{0.0,2.00000000000000,-12.0000000000000}{0.0,0.0,-100.000000000000}}]
  }
  {
   {-2.00000000000000,-2.00000000000000,-12.0000000000000}
   {{1.00000000000000,0.0,0.0}{0.0,1.00000000000000,0.0}{0.0,0.0,1.00000000000000}}
   [{{-2.00000000000000,-2.00000000000000,-12.0000000000000}{0.0,0.0,100.000000000000}}]
  }
  {
   {2.00000000000000,-2.00000000000000,-12.0000000000000}
   {{1.00000000000000,0.0,0.0}{0.0,1.00000000000000,0.0}{0.0,0.0,1.00000000000000}}
   [{{2.00000000000000,-2.00000000000000,-12.0000000000000}{0.0,0.0,100.000000000000}}]
  }
 ]
 {0.0,0.0,-10.0000000000000}
 {0.0,0.0,0.0}
 0.0
}
\end{data}
\end{record}

\begin{record}{"#5"}
\begin{data}
simulationResult:{
 [
  {
   {{0.99998659105663,-5.26839159470543e-05,-5.17831356250393e-03}{-1.08491285328340e-04,0.99951565496077,-3.11198283733584e-02}{5.17744498644066e-03,3.11199728912362e-02,0.99950224679620}}
   {-0.12575250369911,1.12106802594192e-02,3.02351101091974e-04}
   {-25.2294235351135,2.24917192152074,6.06599768658522e-02}
   {-41.5262483516636,1.16565221078683,0.17881381442585}
   [{{-5.17744498644065e-02,-0.31119972891236,-9.99502246796205}{0.51774449864407,3.11199728912362,99.9502246796205}}]
  }
 ]
 [
  {
   {0.0,2.00000000000000,-12.0000000000000}
   {{1.00000000000000,0.0,0.0}{0.0,-1.00000000000000,0.0}{0.0,0.0,-1.00000000000000}}
   [{{0.0,2.00000000000000,-12.0000000000000}{0.0,0.0,-100.000000000000}}]
  }
  {
   {-2.00000000000000,-2.00000000000000,-12.0000000000000}
   {{1.00000000000000,0.0,0.0}{0.0,1.00000000000000,0.0}{0.0,0.0,1.00000000000000}}
   [{{-2.00000000000000,-2.00000000000000,-12.0000000000000}{0.0,0.0,100.000000000000}}]
  }
  {
   {2.00000000000000,-2.00000000000000,-12.0000000000000}
   {{1.00000000000000,0.0,0.0}{0.0,1.00000000000000,0.0}{0.0,0.0,1.00000000000000}}
   [{{2.00000000000000,-2.00000000000000,-12.0000000000000}{0.0,0.0,100.000000000000}}]
  }
 ]
 {0.0,0.0,-10.0000000000000}
 {0.0,0.0,0.0}
 0.0
}
\end{data}
\end{record}

\begin{record}{"#6"}
\begin{data}
simulationResult:{
 [
  {
   {{0.99997995201472,-9.63061639519968e-05,-6.33137376527479e-03}{-1.86595005286269e-04,0.99900192934042,-4.46666582186049e-02}{6.32935628139444e-03,4.46669441448197e-02,0.99898188339420}}
   {-0.14485132358781,1.19155984075840e-02,3.84974215526687e-04}
   {-29.0611740117930,2.39059796072047,7.72364544094147e-02}
   {-35.1134832091746,1.70674428518997,0.14615950576305}
   [{{-6.32935628139443e-02,-0.44666944144820,-9.98981883394202}{0.63293562813944,4.46669441448197,99.8981883394202}}]
  }
 ]
 [
  {
   {0.0,2.00000000000000,-12.0000000000000}
   {{1.00000000000000,0.0,0.0}{0.0,-1.00000000000000,0.0}{0.0,0.0,-1.00000000000000}}
   [{{0.0,2.00000000000000,-12.0000000000000}{0.0,0.0,-100.000000000000}}]
  }
  {
   {-2.00000000000000,-2.00000000000000,-12.0000000000000}
   {{1.00000000000000,0.0,0.0}{0.0,1.00000000000000,0.0}{0.0,0.0,1.00000000000000}}
   [{{-2.00000000000000,-2.00000000000000,-12.0000000000000}{0.0,0.0,100.000000000000}}]
  }
  {
   {2.00000000000000,-2.00000000000000,-12.0000000000000}
   {{1.00000000000000,0.0,0.0}{0.0,1.00000000000000,0.0}{0.0,0.0,1.00000000000000}}
   [{{2.00000000000000,-2.00000000000000,-12.0000000000000}{0.0,0.0,100.000000000000}}]
  }
 ]
 {0.0,0.0,-10.0000000000000}
 {0.0,0.0,0.0}
 0.0
}
\end{data}
\end{record}

\begin{record}{"#7"}
\begin{data}
simulationResult:{
 [
  {
   {{0.99997133479080,-1.61155842114679e-04,-7.56991581822033e-03}{-2.92977944863453e-04,0.99820118712842,-5.99525160383649e-02}{7.56596065441882e-03,5.99530153053300e-02,0.99817252626747}}
   {-0.16076462881878,1.29670749698039e-02,4.39727202308763e-04}
   {-32.2538223146560,2.60155318423817,8.82214150339255e-02}
   {-28.7384487729203,2.57906406766827,6.29263005278138e-02}
   [{{-7.56596065441882e-02,-0.59953015305330,-9.98172526267466}{0.75659606544188,5.99530153053300,99.8172526267466}}]
  }
 ]
 [
  {
   {0.0,2.00000000000000,-12.0000000000000}
   {{1.00000000000000,0.0,0.0}{0.0,-1.00000000000000,0.0}{0.0,0.0,-1.00000000000000}}
   [{{0.0,2.00000000000000,-12.0000000000000}{0.0,0.0,-100.000000000000}}]
  }
  {
   {-2.00000000000000,-2.00000000000000,-12.0000000000000}
   {{1.00000000000000,0.0,0.0}{0.0,1.00000000000000,0.0}{0.0,0.0,1.00000000000000}}
   [{{-2.00000000000000,-2.00000000000000,-12.0000000000000}{0.0,0.0,100.000000000000}}]
  }
  {
   {2.00000000000000,-2.00000000000000,-12.0000000000000}
   {{1.00000000000000,0.0,0.0}{0.0,1.00000000000000,0.0}{0.0,0.0,1.00000000000000}}
   [{{2.00000000000000,-2.00000000000000,-12.0000000000000}{0.0,0.0,100.000000000000}}]
  }
 ]
 {0.0,0.0,-10.0000000000000}
 {0.0,0.0,0.0}
 0.0
}
\end{data}
\end{record}

\begin{record}{"#8"}
\begin{data}
simulationResult:{
 [
  {
   {{0.99996002781272,-2.54864170396841e-04,-8.93743928876787e-03}{-4.30972859583098e-04,0.99705783710461,-7.66517040297594e-02}{8.93067965946973e-03,7.66524918872582e-02,0.99701787268248}}
   {-0.17347029997336,1.45643407856504e-02,4.34109234366365e-04}
   {-34.8029306777270,2.92200879809526,8.70942956811501e-02}
   {-22.1745040934862,3.91862573080934,-0.10264514389351}
   [{{-8.93067965946973e-02,-0.76652491887258,-9.97017872682478}{0.89306796594697,7.66524918872582,99.7017872682478}}]
  }
 ]
 [
  {
   {0.0,2.00000000000000,-12.0000000000000}
   {{1.00000000000000,0.0,0.0}{0.0,-1.00000000000000,0.0}{0.0,0.0,-1.00000000000000}}
   [{{0.0,2.00000000000000,-12.0000000000000}{0.0,0.0,-100.000000000000}}]
  }
  {
   {-2.00000000000000,-2.00000000000000,-12.0000000000000}
   {{1.00000000000000,0.0,0.0}{0.0,1.00000000000000,0.0}{0.0,0.0,1.00000000000000}}
   [{{-2.00000000000000,-2.00000000000000,-12.0000000000000}{0.0,0.0,100.000000000000}}]
  }
  {
   {2.00000000000000,-2.00000000000000,-12.0000000000000}
   {{1.00000000000000,0.0,0.0}{0.0,1.00000000000000,0.0}{0.0,0.0,1.00000000000000}}
   [{{2.00000000000000,-2.00000000000000,-12.0000000000000}{0.0,0.0,100.000000000000}}]
  }
 ]
 {0.0,0.0,-10.0000000000000}
 {0.0,0.0,0.0}
 0.0
}
\end{data}
\end{record}

\begin{record}{"#9"}
\begin{data}
simulationResult:{
 [
  {
   {{0.99994479309944,-3.89304316801077e-04,-1.05004378699504e-02}{-6.03988211946734e-04,0.99553165221493,-9.44265038876563e-02}{1.04902789072358e-02,9.44276330337400e-02,0.99547645686279}}
   {-0.18275018339929,1.69702314979878e-02,3.16071363336394e-04}
   {-36.6647314564171,3.40469688761249,6.34126405562027e-02}
   {-14.8879835403363,5.83857150652786,-0.39693897862258}
   [{{-0.10490278907236,-0.94427633033740,-9.95476456862790}{1.04902789072358,9.44276330337400,99.5476456862790}}]
  }
 ]
 [
  {
   {0.0,2.00000000000000,-12.0000000000000}
   {{1.00000000000000,0.0,0.0}{0.0,-1.00000000000000,0.0}{0.0,0.0,-1.00000000000000}}
   [{{0.0,2.00000000000000,-12.0000000000000}{0.0,0.0,-100.000000000000}}]
  }
  {
   {-2.00000000000000,-2.00000000000000,-12.0000000000000}
   {{1.00000000000000,0.0,0.0}{0.0,1.00000000000000,0.0}{0.0,0.0,1.00000000000000}}
   [{{-2.00000000000000,-2.00000000000000,-12.0000000000000}{0.0,0.0,100.000000000000}}]
  }
  {
   {2.00000000000000,-2.00000000000000,-12.0000000000000}
   {{1.00000000000000,0.0,0.0}{0.0,1.00000000000000,0.0}{0.0,0.0,1.00000000000000}}
   [{{2.00000000000000,-2.00000000000000,-12.0000000000000}{0.0,0.0,100.000000000000}}]
  }
 ]
 {0.0,0.0,-10.0000000000000}
 {0.0,0.0,0.0}
 0.0
}
\end{data}
\end{record}

\begin{record}{"#10"}
\begin{data}
simulationResult:{
 [
  {
   {{0.99992351910040,-5.82961823514439e-04,-1.23537891102536e-02}{-8.15602622078825e-04,0.99360572969494,-0.11290256290163}{1.23406135273395e-02,0.11290400379485,0.99352926236969}}
   {-0.18808990647592,2.04895327648348e-02,7.84532225482633e-06}
   {-37.7360273041913,4.11076586914706,1.57398859352527e-03}
   {-6.27589091374740,8.38592162992007,-0.87501783004412}
   [{{-0.12340613527339,-1.12904003794847,-9.93529262369691}{1.23406135273395,11.2904003794847,99.3529262369691}}]
  }
 ]
 [
  {
   {0.0,2.00000000000000,-12.0000000000000}
   {{1.00000000000000,0.0,0.0}{0.0,-1.00000000000000,0.0}{0.0,0.0,-1.00000000000000}}
   [{{0.0,2.00000000000000,-12.0000000000000}{0.0,0.0,-100.000000000000}}]
  }
  {
   {-2.00000000000000,-2.00000000000000,-12.0000000000000}
   {{1.00000000000000,0.0,0.0}{0.0,1.00000000000000,0.0}{0.0,0.0,1.00000000000000}}
   [{{-2.00000000000000,-2.00000000000000,-12.0000000000000}{0.0,0.0,100.000000000000}}]
  }
  {
   {2.00000000000000,-2.00000000000000,-12.0000000000000}
   {{1.00000000000000,0.0,0.0}{0.0,1.00000000000000,0.0}{0.0,0.0,1.00000000000000}}
   [{{2.00000000000000,-2.00000000000000,-12.0000000000000}{0.0,0.0,100.000000000000}}]
  }
 ]
 {0.0,0.0,-10.0000000000000}
 {0.0,0.0,0.0}
 0.0
}
\end{data}
\end{record}

\begin{record}{"#11"}
\begin{data}
simulationResult:{
 [
  {
   {{0.99989270794487,-8.63318182965268e-04,-1.46228342117506e-02}{-1.06928936206646e-03,0.99129674691347,-0.13164200005708}{1.46092169170545e-02,0.13164351195742,0.99118946551130}}
   {-0.18872882735936,2.54239299067282e-02,-5.94956935216247e-04}
   {-37.8642124702837,5.10074214577573,-0.11936478383539}
   {3.98700782603834,11.4943884824635,-1.58537680363151}
   [{{-0.14609216917055,-1.31643511957423,-9.91189465511305}{1.46092169170545,13.1643511957423,99.1189465511305}}]
  }
 ]
 [
  {
   {0.0,2.00000000000000,-12.0000000000000}
   {{1.00000000000000,0.0,0.0}{0.0,-1.00000000000000,0.0}{0.0,0.0,-1.00000000000000}}
   [{{0.0,2.00000000000000,-12.0000000000000}{0.0,0.0,-100.000000000000}}]
  }
  {
   {-2.00000000000000,-2.00000000000000,-12.0000000000000}
   {{1.00000000000000,0.0,0.0}{0.0,1.00000000000000,0.0}{0.0,0.0,1.00000000000000}}
   [{{-2.00000000000000,-2.00000000000000,-12.0000000000000}{0.0,0.0,100.000000000000}}]
  }
  {
   {2.00000000000000,-2.00000000000000,-12.0000000000000}
   {{1.00000000000000,0.0,0.0}{0.0,1.00000000000000,0.0}{0.0,0.0,1.00000000000000}}
   [{{2.00000000000000,-2.00000000000000,-12.0000000000000}{0.0,0.0,100.000000000000}}]
  }
 ]
 {0.0,0.0,-10.0000000000000}
 {0.0,0.0,0.0}
 0.0
}
\end{data}
\end{record}

\begin{record}{"#12"}
\begin{data}
simulationResult:{
 [
  {
   {{0.99984675827680,-1.26830086490501e-03,-1.74599935938826e-02}{-1.36756704633284e-03,0.98866520092000,-0.15013077715841}{1.74524990690767e-02,0.15013164857128,0.98851196167447}}
   {-0.18387774355513,3.20086319140063e-02,-1.61493496946721e-03}
   {-36.8909511490202,6.42181513371276,-0.32400053280207}
   {15.6594565139373,14.9647679097826,-2.54926809845785}
   [{{-0.17452499069077,-1.50131648571277,-9.88511961674473}{1.74524990690767,15.0131648571277,98.8511961674473}}]
  }
 ]
 [
  {
   {0.0,2.00000000000000,-12.0000000000000}
   {{1.00000000000000,0.0,0.0}{0.0,-1.00000000000000,0.0}{0.0,0.0,-1.00000000000000}}
   [{{0.0,2.00000000000000,-12.0000000000000}{0.0,0.0,-100.000000000000}}]
  }
  {
   {-2.00000000000000,-2.00000000000000,-12.0000000000000}
   {{1.00000000000000,0.0,0.0}{0.0,1.00000000000000,0.0}{0.0,0.0,1.00000000000000}}
   [{{-2.00000000000000,-2.00000000000000,-12.0000000000000}{0.0,0.0,100.000000000000}}]
  }
  {
   {2.00000000000000,-2.00000000000000,-12.0000000000000}
   {{1.00000000000000,0.0,0.0}{0.0,1.00000000000000,0.0}{0.0,0.0,1.00000000000000}}
   [{{2.00000000000000,-2.00000000000000,-12.0000000000000}{0.0,0.0,100.000000000000}}]
  }
 ]
 {0.0,0.0,-10.0000000000000}
 {0.0,0.0,0.0}
 0.0
}
\end{data}
\end{record}

\begin{record}{"#13"}
\begin{data}
simulationResult:{
 [
  {
   {{0.99977703201953,-1.84568781287545e-03,-2.10352010381183e-02}{-1.71042806974344e-03,0.98582072990310,-0.16779321478873}{2.10466311326749e-02,0.16779178147280,0.98559776652961}}
   {-0.17301799246560,4.03541679838338e-02,-3.17538450531295e-03}
   {-34.7121853060695,8.09616004097657,-0.63706978419457}
   {27.9277127660262,18.5097138285298,-3.74753511189577}
   [{{-0.21046631132675,-1.67791781472802,-9.85597766529606}{2.10466311326749,16.7791781472802,98.5597766529606}}]
  }
 ]
 [
  {
   {0.0,2.00000000000000,-12.0000000000000}
   {{1.00000000000000,0.0,0.0}{0.0,-1.00000000000000,0.0}{0.0,0.0,-1.00000000000000}}
   [{{0.0,2.00000000000000,-12.0000000000000}{0.0,0.0,-100.000000000000}}]
  }
  {
   {-2.00000000000000,-2.00000000000000,-12.0000000000000}
   {{1.00000000000000,0.0,0.0}{0.0,1.00000000000000,0.0}{0.0,0.0,1.00000000000000}}
   [{{-2.00000000000000,-2.00000000000000,-12.0000000000000}{0.0,0.0,100.000000000000}}]
  }
  {
   {2.00000000000000,-2.00000000000000,-12.0000000000000}
   {{1.00000000000000,0.0,0.0}{0.0,1.00000000000000,0.0}{0.0,0.0,1.00000000000000}}
   [{{2.00000000000000,-2.00000000000000,-12.0000000000000}{0.0,0.0,100.000000000000}}]
  }
 ]
 {0.0,0.0,-10.0000000000000}
 {0.0,0.0,0.0}
 0.0
}
\end{data}
\end{record}

\begin{record}{"#14"}
\begin{data}
simulationResult:{
 [
  {
   {{0.99967073639373,-2.64988715068191e-03,-2.55224782518039e-02}{-2.09303794406813e-03,0.98291789527126,-0.18403268825860}{2.55741664612915e-02,0.18402551250740,0.98258870986603}}
   {-0.15611359194731,5.04276063657935e-02,-5.38118449257380e-03}
   {-31.3206959301929,10.1171698493762,-1.07961415046966}
   {39.7457844698518,21.8617080401126,-5.12887785253244}
   [{{-0.25574166461291,-1.84025512507402,-9.82588709866035}{2.55741664612914,18.4025512507402,98.2588709866035}}]
  }
 ]
 [
  {
   {0.0,2.00000000000000,-12.0000000000000}
   {{1.00000000000000,0.0,0.0}{0.0,-1.00000000000000,0.0}{0.0,0.0,-1.00000000000000}}
   [{{0.0,2.00000000000000,-12.0000000000000}{0.0,0.0,-100.000000000000}}]
  }
  {
   {-2.00000000000000,-2.00000000000000,-12.0000000000000}
   {{1.00000000000000,0.0,0.0}{0.0,1.00000000000000,0.0}{0.0,0.0,1.00000000000000}}
   [{{-2.00000000000000,-2.00000000000000,-12.0000000000000}{0.0,0.0,100.000000000000}}]
  }
  {
   {2.00000000000000,-2.00000000000000,-12.0000000000000}
   {{1.00000000000000,0.0,0.0}{0.0,1.00000000000000,0.0}{0.0,0.0,1.00000000000000}}
   [{{2.00000000000000,-2.00000000000000,-12.0000000000000}{0.0,0.0,100.000000000000}}]
  }
 ]
 {0.0,0.0,-10.0000000000000}
 {0.0,0.0,0.0}
 0.0
}
\end{data}
\end{record}

\begin{record}{"#15"}
\begin{data}
simulationResult:{
 [
  {
   {{0.99950967300440,-3.73669388131877e-03,-3.10877900385569e-02}{-2.50287632378690e-03,0.98014188285463,-0.19828168116166}{3.12113630069548e-02,0.19826226719430,0.97965194034730}}
   {-0.13361079141424,6.20918012849358e-02,-8.30936586855414e-03}
   {-26.8060129721774,12.4573293306538,-1.66708816405802}
   {50.2917126575683,24.8848090588860,-6.63847174638451}
   [{{-0.31211363006955,-1.98262267194301,-9.79651940347297}{3.12113630069548,19.8262267194301,97.9651940347297}}]
  }
 ]
 [
  {
   {0.0,2.00000000000000,-12.0000000000000}
   {{1.00000000000000,0.0,0.0}{0.0,-1.00000000000000,0.0}{0.0,0.0,-1.00000000000000}}
   [{{0.0,2.00000000000000,-12.0000000000000}{0.0,0.0,-100.000000000000}}]
  }
  {
   {-2.00000000000000,-2.00000000000000,-12.0000000000000}
   {{1.00000000000000,0.0,0.0}{0.0,1.00000000000000,0.0}{0.0,0.0,1.00000000000000}}
   [{{-2.00000000000000,-2.00000000000000,-12.0000000000000}{0.0,0.0,100.000000000000}}]
  }
  {
   {2.00000000000000,-2.00000000000000,-12.0000000000000}
   {{1.00000000000000,0.0,0.0}{0.0,1.00000000000000,0.0}{0.0,0.0,1.00000000000000}}
   [{{2.00000000000000,-2.00000000000000,-12.0000000000000}{0.0,0.0,100.000000000000}}]
  }
 ]
 {0.0,0.0,-10.0000000000000}
 {0.0,0.0,0.0}
 0.0
}
\end{data}
\end{record}

\begin{record}{"#16"}
\begin{data}
simulationResult:{
 [
  {
   {{0.99926885781654,-5.15763417770122e-03,-3.78833552858172e-02}{-2.91658008157157e-03,0.97768851464524,-0.21003966742359}{3.81214291265454e-02,0.20999658840199,0.97695864267679}}
   {-0.10624963249648,7.51859669762708e-02,-1.20152565593861e-02}
   {-21.3166092112529,15.0843804219855,-2.41059213424927}
   {59.2254747690025,27.6201631490637,-8.24794378047868}
   [{{-0.38121429126545,-2.09996588401986,-9.76958642676790}{3.81214291265453,20.9996588401987,97.6958642676790}}]
  }
 ]
 [
  {
   {0.0,2.00000000000000,-12.0000000000000}
   {{1.00000000000000,0.0,0.0}{0.0,-1.00000000000000,0.0}{0.0,0.0,-1.00000000000000}}
   [{{0.0,2.00000000000000,-12.0000000000000}{0.0,0.0,-100.000000000000}}]
  }
  {
   {-2.00000000000000,-2.00000000000000,-12.0000000000000}
   {{1.00000000000000,0.0,0.0}{0.0,1.00000000000000,0.0}{0.0,0.0,1.00000000000000}}
   [{{-2.00000000000000,-2.00000000000000,-12.0000000000000}{0.0,0.0,100.000000000000}}]
  }
  {
   {2.00000000000000,-2.00000000000000,-12.0000000000000}
   {{1.00000000000000,0.0,0.0}{0.0,1.00000000000000,0.0}{0.0,0.0,1.00000000000000}}
   [{{2.00000000000000,-2.00000000000000,-12.0000000000000}{0.0,0.0,100.000000000000}}]
  }
 ]
 {0.0,0.0,-10.0000000000000}
 {0.0,0.0,0.0}
 0.0
}
\end{data}
\end{record}

\begin{record}{"#17"}
\begin{data}
simulationResult:{
 [
  {
   {{0.99891490037179,-6.95546275406777e-03,-4.60504435711296e-02}{-3.29666412822094e-03,0.97574465014124,-0.21888697934408}{4.64559341833389e-02,0.21880127800958,0.97466294015959}}
   {-7.48223061775004e-02,8.96070539338199e-02,-1.65495138261326e-02}
   {-15.0114200264700,17.9776485478668,-3.32028930598111}
   {66.6520921505217,30.2453457993307,-9.96663085507653}
   [{{-0.46455934183339,-2.18801278009578,-9.74662940159586}{4.64559341833388,21.8801278009578,97.4662940159586}}]
  }
 ]
 [
  {
   {0.0,2.00000000000000,-12.0000000000000}
   {{1.00000000000000,0.0,0.0}{0.0,-1.00000000000000,0.0}{0.0,0.0,-1.00000000000000}}
   [{{0.0,2.00000000000000,-12.0000000000000}{0.0,0.0,-100.000000000000}}]
  }
  {
   {-2.00000000000000,-2.00000000000000,-12.0000000000000}
   {{1.00000000000000,0.0,0.0}{0.0,1.00000000000000,0.0}{0.0,0.0,1.00000000000000}}
   [{{-2.00000000000000,-2.00000000000000,-12.0000000000000}{0.0,0.0,100.000000000000}}]
  }
  {
   {2.00000000000000,-2.00000000000000,-12.0000000000000}
   {{1.00000000000000,0.0,0.0}{0.0,1.00000000000000,0.0}{0.0,0.0,1.00000000000000}}
   [{{2.00000000000000,-2.00000000000000,-12.0000000000000}{0.0,0.0,100.000000000000}}]
  }
 ]
 {0.0,0.0,-10.0000000000000}
 {0.0,0.0,0.0}
 0.0
}
\end{data}
\end{record}

\begin{record}{"#18"}
\begin{data}
simulationResult:{
 [
  {
   {{0.99840392491805,-9.16127302751780e-03,-5.57285724270516e-02}{-3.58809101849498e-03,0.97447281101684,-0.22447687228705}{5.63624725423296e-02,0.22431854953491,0.97288460776367}}
   {-3.99999728743267e-02,0.10535365261958,-2.19741180176149e-02}
   {-8.02509872431077,21.1368509160578,-4.40861464814819}
   {72.9106160210439,32.9683027455465,-11.8254771289302}
   [{{-0.56362472542329,-2.24318549534912,-9.72884607763669}{5.63624725423295,22.4318549534912,97.2884607763669}}]
  }
 ]
 [
  {
   {0.0,2.00000000000000,-12.0000000000000}
   {{1.00000000000000,0.0,0.0}{0.0,-1.00000000000000,0.0}{0.0,0.0,-1.00000000000000}}
   [{{0.0,2.00000000000000,-12.0000000000000}{0.0,0.0,-100.000000000000}}]
  }
  {
   {-2.00000000000000,-2.00000000000000,-12.0000000000000}
   {{1.00000000000000,0.0,0.0}{0.0,1.00000000000000,0.0}{0.0,0.0,1.00000000000000}}
   [{{-2.00000000000000,-2.00000000000000,-12.0000000000000}{0.0,0.0,100.000000000000}}]
  }
  {
   {2.00000000000000,-2.00000000000000,-12.0000000000000}
   {{1.00000000000000,0.0,0.0}{0.0,1.00000000000000,0.0}{0.0,0.0,1.00000000000000}}
   [{{2.00000000000000,-2.00000000000000,-12.0000000000000}{0.0,0.0,100.000000000000}}]
  }
 ]
 {0.0,0.0,-10.0000000000000}
 {0.0,0.0,0.0}
 0.0
}
\end{data}
\end{record}

\begin{record}{"#19"}
\begin{data}
simulationResult:{
 [
  {
   {{0.99767887538506,-1.17921772123557e-02,-6.70656854657271e-02}{-3.71452412009605e-03,0.97400024047702,-0.22651652006261}{6.79931167174786e-02,0.22623986409850,0.97169566221721}}
   {-2.28102328356921e-03,0.12250150148425,-2.83624083710991e-02}
   {-0.45763623617398,24.5771827504595,-5.69028203621897}
   {78.3070582469516,35.8531395036665,-13.8271180292947}
   [{{-0.67993116717478,-2.26239864098497,-9.71695662217207}{6.79931167174784,22.6239864098497,97.1695662217207}}]
  }
 ]
 [
  {
   {0.0,2.00000000000000,-12.0000000000000}
   {{1.00000000000000,0.0,0.0}{0.0,-1.00000000000000,0.0}{0.0,0.0,-1.00000000000000}}
   [{{0.0,2.00000000000000,-12.0000000000000}{0.0,0.0,-100.000000000000}}]
  }
  {
   {-2.00000000000000,-2.00000000000000,-12.0000000000000}
   {{1.00000000000000,0.0,0.0}{0.0,1.00000000000000,0.0}{0.0,0.0,1.00000000000000}}
   [{{-2.00000000000000,-2.00000000000000,-12.0000000000000}{0.0,0.0,100.000000000000}}]
  }
  {
   {2.00000000000000,-2.00000000000000,-12.0000000000000}
   {{1.00000000000000,0.0,0.0}{0.0,1.00000000000000,0.0}{0.0,0.0,1.00000000000000}}
   [{{2.00000000000000,-2.00000000000000,-12.0000000000000}{0.0,0.0,100.000000000000}}]
  }
 ]
 {0.0,0.0,-10.0000000000000}
 {0.0,0.0,0.0}
 0.0
}
\end{data}
\end{record}

\begin{record}{"#20"}
\begin{data}
simulationResult:{
 [
  {
   {{0.99666659315615,-1.48470101773790e-02,-8.02201245031251e-02}{-3.57437721542279e-03,0.97440973003987,-0.22475075490673}{8.15041466063289e-02,0.22428830618741,0.97110855716215}}
   {3.79104260316646e-02,0.14106040132110,-3.57612495199433e-02}
   {7.60587794799608,28.3006103607359,-7.17469380931349}
   {82.7584546274728,38.4972000914921,-15.8371885110401}
   [{{-0.81504146606329,-2.24288306187410,-9.71108557162152}{8.15041466063287,22.4288306187410,97.1108557162152}}]
  }
 ]
 [
  {
   {0.0,2.00000000000000,-12.0000000000000}
   {{1.00000000000000,0.0,0.0}{0.0,-1.00000000000000,0.0}{0.0,0.0,-1.00000000000000}}
   [{{0.0,2.00000000000000,-12.0000000000000}{0.0,0.0,-100.000000000000}}]
  }
  {
   {-2.00000000000000,-2.00000000000000,-12.0000000000000}
   {{1.00000000000000,0.0,0.0}{0.0,1.00000000000000,0.0}{0.0,0.0,1.00000000000000}}
   [{{-2.00000000000000,-2.00000000000000,-12.0000000000000}{0.0,0.0,100.000000000000}}]
  }
  {
   {2.00000000000000,-2.00000000000000,-12.0000000000000}
   {{1.00000000000000,0.0,0.0}{0.0,1.00000000000000,0.0}{0.0,0.0,1.00000000000000}}
   [{{2.00000000000000,-2.00000000000000,-12.0000000000000}{0.0,0.0,100.000000000000}}]
  }
 ]
 {0.0,0.0,-10.0000000000000}
 {0.0,0.0,0.0}
 0.0
}
\end{data}
\end{record}

\begin{record}{"#21"}
\begin{data}
simulationResult:{
 [
  {
   {{0.99527688242940,-1.82959041814131e-02,-9.53372287818339e-02}{-3.03825522073272e-03,0.97572749926161,-0.21896715778835}{9.70293579636024e-02,0.21822260899109,0.97106343593933}}
   {7.98896210684821e-02,0.16060120194568,-4.40737961832206e-02}
   {16.0280632731524,32.2210343735477,-8.84242013076717}
   {85.1619989481705,39.4051732235508,-17.3647914616730}
   [{{-0.97029357963602,-2.18222608991092,-9.71063435939327}{9.70293579636022,21.8222608991092,97.1063435939327}}]
  }
 ]
 [
  {
   {0.0,2.00000000000000,-12.0000000000000}
   {{1.00000000000000,0.0,0.0}{0.0,-1.00000000000000,0.0}{0.0,0.0,-1.00000000000000}}
   [{{0.0,2.00000000000000,-12.0000000000000}{0.0,0.0,-100.000000000000}}]
  }
  {
   {-2.00000000000000,-2.00000000000000,-12.0000000000000}
   {{1.00000000000000,0.0,0.0}{0.0,1.00000000000000,0.0}{0.0,0.0,1.00000000000000}}
   [{{-2.00000000000000,-2.00000000000000,-12.0000000000000}{0.0,0.0,100.000000000000}}]
  }
  {
   {2.00000000000000,-2.00000000000000,-12.0000000000000}
   {{1.00000000000000,0.0,0.0}{0.0,1.00000000000000,0.0}{0.0,0.0,1.00000000000000}}
   [{{2.00000000000000,-2.00000000000000,-12.0000000000000}{0.0,0.0,100.000000000000}}]
  }
 ]
 {0.0,0.0,-10.0000000000000}
 {0.0,0.0,0.0}
 0.0
}
\end{data}
\end{record}

\begin{record}{"#22"}
\begin{data}
simulationResult:{
 [
  {
   {{0.99341043538890,-2.20585549684458e-02,-0.11246833782511}{-1.95377306336955e-03,0.97790205349737,-0.20905443438598}{0.11459445724492,0.20789659429228,0.97141500732201}}
   {0.12196164881404,0.17948731449200,-5.28002244006978e-02}
   {24.4688734022514,36.0101098856989,-10.5931825169578}
   {82.3877589625299,35.0845914641995,-17.2275986503092}
   [{{-1.14594457244916,-2.07896594292282,-9.71415007322006}{11.4594457244916,20.7896594292282,97.1415007322006}}]
  }
 ]
 [
  {
   {0.0,2.00000000000000,-12.0000000000000}
   {{1.00000000000000,0.0,0.0}{0.0,-1.00000000000000,0.0}{0.0,0.0,-1.00000000000000}}
   [{{0.0,2.00000000000000,-12.0000000000000}{0.0,0.0,-100.000000000000}}]
  }
  {
   {-2.00000000000000,-2.00000000000000,-12.0000000000000}
   {{1.00000000000000,0.0,0.0}{0.0,1.00000000000000,0.0}{0.0,0.0,1.00000000000000}}
   [{{-2.00000000000000,-2.00000000000000,-12.0000000000000}{0.0,0.0,100.000000000000}}]
  }
  {
   {2.00000000000000,-2.00000000000000,-12.0000000000000}
   {{1.00000000000000,0.0,0.0}{0.0,1.00000000000000,0.0}{0.0,0.0,1.00000000000000}}
   [{{2.00000000000000,-2.00000000000000,-12.0000000000000}{0.0,0.0,100.000000000000}}]
  }
 ]
 {0.0,0.0,-10.0000000000000}
 {0.0,0.0,0.0}
 0.0
}
\end{data}
\end{record}

\begin{record}{"#23"}
\begin{data}
simulationResult:{
 [
  {
   {{0.99099045871389,-2.59706682720649e-02,-0.13139039206704}{-1.72457659799305e-04,0.98077133912810,-0.19516032025808}{0.13393237471344,0.19342467457484,0.97193056041532}}
   {0.16024166818274,0.19379655184910,-6.06489645905471e-02}
   {32.1489019757128,38.8809378940259,-12.1678564570707}
   {68.9308735648214,20.1101772228748,-13.5008413811833}
   [{{-1.33932374713445,-1.93424674574845,-9.71930560415317}{13.3932374713445,19.3424674574845,97.1930560415317}}]
  }
 ]
 [
  {
   {0.0,2.00000000000000,-12.0000000000000}
   {{1.00000000000000,0.0,0.0}{0.0,-1.00000000000000,0.0}{0.0,0.0,-1.00000000000000}}
   [{{0.0,2.00000000000000,-12.0000000000000}{0.0,0.0,-100.000000000000}}]
  }
  {
   {-2.00000000000000,-2.00000000000000,-12.0000000000000}
   {{1.00000000000000,0.0,0.0}{0.0,1.00000000000000,0.0}{0.0,0.0,1.00000000000000}}
   [{{-2.00000000000000,-2.00000000000000,-12.0000000000000}{0.0,0.0,100.000000000000}}]
  }
  {
   {2.00000000000000,-2.00000000000000,-12.0000000000000}
   {{1.00000000000000,0.0,0.0}{0.0,1.00000000000000,0.0}{0.0,0.0,1.00000000000000}}
   [{{2.00000000000000,-2.00000000000000,-12.0000000000000}{0.0,0.0,100.000000000000}}]
  }
 ]
 {0.0,0.0,-10.0000000000000}
 {0.0,0.0,0.0}
 0.0
}
\end{data}
\end{record}

\begin{record}{"#24"}
\begin{data}
simulationResult:{
 [
  {
   {{0.98803295653209,-2.97608541233057e-02,-0.15134453531038}{2.38240602046211e-03,0.98403651337962,-0.17795073609633}{0.15422451474399,0.17546062777023,0.97233140808803}}
   {0.18818090287434,0.19721784362439,-6.54366140698958e-02}
   {37.7542836941956,39.5673434659572,-13.1283911018589}
   {40.8271790550871,-8.41120789751753,-4.95789425450749}
   [{{-1.54224514743988,-1.75460627770234,-9.72331408088033}{15.4224514743988,17.5460627770234,97.2331408088033}}]
  }
 ]
 [
  {
   {0.0,2.00000000000000,-12.0000000000000}
   {{1.00000000000000,0.0,0.0}{0.0,-1.00000000000000,0.0}{0.0,0.0,-1.00000000000000}}
   [{{0.0,2.00000000000000,-12.0000000000000}{0.0,0.0,-100.000000000000}}]
  }
  {
   {-2.00000000000000,-2.00000000000000,-12.0000000000000}
   {{1.00000000000000,0.0,0.0}{0.0,1.00000000000000,0.0}{0.0,0.0,1.00000000000000}}
   [{{-2.00000000000000,-2.00000000000000,-12.0000000000000}{0.0,0.0,100.000000000000}}]
  }
  {
   {2.00000000000000,-2.00000000000000,-12.0000000000000}
   {{1.00000000000000,0.0,0.0}{0.0,1.00000000000000,0.0}{0.0,0.0,1.00000000000000}}
   [{{2.00000000000000,-2.00000000000000,-12.0000000000000}{0.0,0.0,100.000000000000}}]
  }
 ]
 {0.0,0.0,-10.0000000000000}
 {0.0,0.0,0.0}
 0.0
}
\end{data}
\end{record}

\begin{record}{"#25"}
\begin{data}
simulationResult:{
 [
  {
   {{0.98472859923583,-3.30954872439481e-02,-0.17092183760749}{5.62367484631575e-03,0.98729948267775,-0.15877060743559}{0.17400563246131,0.15538474902103,0.97240815486267}}
   {0.19944838740904,0.18434574344995,-6.51471911002520e-02}
   {40.0148521214308,36.9848448472672,-13.0703248649978}
   {4.10815612890159,-43.0462500647351,6.14339585029025}
   [{{-1.74005632461305,-1.55384749021027,-9.72408154862665}{17.4005632461305,15.5384749021027,97.2408154862665}}]
  }
 ]
 [
  {
   {0.0,2.00000000000000,-12.0000000000000}
   {{1.00000000000000,0.0,0.0}{0.0,-1.00000000000000,0.0}{0.0,0.0,-1.00000000000000}}
   [{{0.0,2.00000000000000,-12.0000000000000}{0.0,0.0,-100.000000000000}}]
  }
  {
   {-2.00000000000000,-2.00000000000000,-12.0000000000000}
   {{1.00000000000000,0.0,0.0}{0.0,1.00000000000000,0.0}{0.0,0.0,1.00000000000000}}
   [{{-2.00000000000000,-2.00000000000000,-12.0000000000000}{0.0,0.0,100.000000000000}}]
  }
  {
   {2.00000000000000,-2.00000000000000,-12.0000000000000}
   {{1.00000000000000,0.0,0.0}{0.0,1.00000000000000,0.0}{0.0,0.0,1.00000000000000}}
   [{{2.00000000000000,-2.00000000000000,-12.0000000000000}{0.0,0.0,100.000000000000}}]
  }
 ]
 {0.0,0.0,-10.0000000000000}
 {0.0,0.0,0.0}
 0.0
}
\end{data}
\end{record}

\begin{record}{"#26"}
\begin{data}
simulationResult:{
 [
  {
   {{0.98143754952530,-3.57137807492831e-02,-0.18842733943450}{9.27810961808373e-03,0.99019933087710,-0.13935279621331}{0.19155744063776,0.13501781732477,0.97215016121028}}
   {0.19328695060522,0.15570495517678,-5.97114510658436e-02}
   {38.7786978173145,31.2387121144944,-11.9797653650598}
   {-26.8268401570767,-69.6170197644882,14.9549105105699}
   [{{-1.91557440637756,-1.35017817324772,-9.72150161210277}{19.1557440637756,13.5017817324772,97.2150161210277}}]
  }
 ]
 [
  {
   {0.0,2.00000000000000,-12.0000000000000}
   {{1.00000000000000,0.0,0.0}{0.0,-1.00000000000000,0.0}{0.0,0.0,-1.00000000000000}}
   [{{0.0,2.00000000000000,-12.0000000000000}{0.0,0.0,-100.000000000000}}]
  }
  {
   {-2.00000000000000,-2.00000000000000,-12.0000000000000}
   {{1.00000000000000,0.0,0.0}{0.0,1.00000000000000,0.0}{0.0,0.0,1.00000000000000}}
   [{{-2.00000000000000,-2.00000000000000,-12.0000000000000}{0.0,0.0,100.000000000000}}]
  }
  {
   {2.00000000000000,-2.00000000000000,-12.0000000000000}
   {{1.00000000000000,0.0,0.0}{0.0,1.00000000000000,0.0}{0.0,0.0,1.00000000000000}}
   [{{2.00000000000000,-2.00000000000000,-12.0000000000000}{0.0,0.0,100.000000000000}}]
  }
 ]
 {0.0,0.0,-10.0000000000000}
 {0.0,0.0,0.0}
 0.0
}
\end{data}
\end{record}

\begin{record}{"#27"}
\begin{data}
simulationResult:{
 [
  {
   {{0.97855498766629,-3.75392550531086e-02,-0.20253626945190}{1.29955995198327e-02,0.99254596886841,-0.12117596327737}{0.20557541318591,0.11594526300430,0.97174865344919}}
   {0.17501778816486,0.11737170574741,-5.10297053169787e-02}
   {35.1133995268313,23.5480041214902,-10.2379675154565}
   {-44.2527768646187,-81.9642903489639,19.1414248843058}
   [{{-2.05575413185906,-1.15945263004303,-9.71748653449186}{20.5575413185906,11.5945263004303,97.1748653449186}}]
  }
 ]
 [
  {
   {0.0,2.00000000000000,-12.0000000000000}
   {{1.00000000000000,0.0,0.0}{0.0,-1.00000000000000,0.0}{0.0,0.0,-1.00000000000000}}
   [{{0.0,2.00000000000000,-12.0000000000000}{0.0,0.0,-100.000000000000}}]
  }
  {
   {-2.00000000000000,-2.00000000000000,-12.0000000000000}
   {{1.00000000000000,0.0,0.0}{0.0,1.00000000000000,0.0}{0.0,0.0,1.00000000000000}}
   [{{-2.00000000000000,-2.00000000000000,-12.0000000000000}{0.0,0.0,100.000000000000}}]
  }
  {
   {2.00000000000000,-2.00000000000000,-12.0000000000000}
   {{1.00000000000000,0.0,0.0}{0.0,1.00000000000000,0.0}{0.0,0.0,1.00000000000000}}
