\include {"pem1_3_def.udf"}


\begin{data}
unitParameter:{1.00000000000000e-02,1.00000000000000e-03,1.00000000000000,1.00000000000000}
body[]:[
 {
  0,
  [
   {
    {0.0,0.0,-9.75000000000000}
    1.00000000000000,
    "cylinder",
    {0.0}
    {1.00000000000000,0.25000000000000,{0.0,0.0,1.00000000000000}}
    {0.0,0.0,0.0,{0.0,0.0,0.0}{0.0,0.0,0.0}}
    {0.0,0.0,0.0,{0.0,0.0,0.0}{0.0,0.0,0.0}}
    {
     []
     [
     ]
    }
    {0.0,{0.0,0.0,0.0}}
   }
   {
    {0.0,0.0,-10.2500000000000}
    1.00000000000000,
    "cylinder",
    {0.0}
    {1.00000000000000,0.25000000000000,{0.0,0.0,1.00000000000000}}
    {0.0,0.0,0.0,{0.0,0.0,0.0}{0.0,0.0,0.0}}
    {0.0,0.0,0.0,{0.0,0.0,0.0}{0.0,0.0,0.0}}
    {
     []
     [
     ]
    }
    {0.0,{0.0,0.0,0.0}}
   }
   {
    {0.0,0.0,-5.00000000000000}
    0.0,
    "line",
    {0.0}
    {0.0,0.0,{0.0,0.0,0.0}}
    {0.0,0.0,0.0,{0.0,0.0,0.0}{0.0,0.0,0.0}}
    {0.0,0.0,0.0,{0.0,0.0,0.0}{0.0,0.0,0.0}}
    {
     []
     [
     ]
    }
    {5.00000000000000,{0.0,0.0,1.00000000000000}}
   }
  ]
  [{{0.0,0.0,-10.0000000000000}{0.0,0.0,100.000000000000}}]
  [{1.00000000000000,0.0,0.0,1.00000000000000}{0.0,0.0,1.00000000000000,1.00000000000000}{0.0,0.0,0.0,1.00000000000000}]
  {2.00000000000000,{0.0,0.0,-10.0000000000000}{200.627604166667,200.627604166667,1.00000000000000,0.0,0.0,0.0}}
 }
 {
  1,
  [
   {
    {0.0,0.0,0.25000000000000}
    1.00000000000000,
    "cylinder",
    {0.0}
    {1.00000000000000,0.25000000000000,{0.0,0.0,1.00000000000000}}
    {0.0,0.0,0.0,{0.0,0.0,0.0}{0.0,0.0,0.0}}
    {0.0,0.0,0.0,{0.0,0.0,0.0}{0.0,0.0,0.0}}
    {
     []
     [
     ]
    }
    {0.0,{0.0,0.0,0.0}}
   }
   {
    {0.0,0.0,-0.25000000000000}
    1.00000000000000,
    "cylinder",
    {0.0}
    {1.00000000000000,0.25000000000000,{0.0,0.0,1.00000000000000}}
    {0.0,0.0,0.0,{0.0,0.0,0.0}{0.0,0.0,0.0}}
    {0.0,0.0,0.0,{0.0,0.0,0.0}{0.0,0.0,0.0}}
    {
     []
     [
     ]
    }
    {0.0,{0.0,0.0,0.0}}
   }
  ]
  [{{0.0,0.0,0.0}{0.0,0.0,100.000000000000}}]
  [{1.00000000000000,0.0,0.0,1.00000000000000}{0.0,0.0,1.00000000000000,1.00000000000000}]
  {2.00000000000000,{0.0,0.0,0.0}{0.62760416666667,0.62760416666667,1.00000000000000,0.0,0.0,0.0}}
 }
]
simulation:{
 {100000,100,1.00000000000000e-03}
 {{-15.0000000000000,-15.0000000000000,-15.0000000000000}{15.0000000000000,15.0000000000000,0.0}}
 "4thOrderRungeKutta",
 "false",
 [{0,{0.0,0.0,0.0}{{1.00000000000000,0.0,0.0}{0.0,1.00000000000000,0.0}{0.0,0.0,1.00000000000000}}{1.00000000000000e-02,1.00000000000000e-02,0.0}{"false",{0.0,0.0,1.00000000000000}}}]
 [{1,{0.0,2.00000000000000,-12.0000000000000}{{1.00000000000000,0.0,0.0}{0.0,-1.00000000000000,0.0}{0.0,0.0,-1.00000000000000}}"fixed",{{0.0,0.0,0.0}}{{0.0,0.0,0.0}0.0,0.0,{0.0,0.0,0.0}{0.0,0.0,0.0}}}{1,{-2.00000000000000,-2.00000000000000,-12.0000000000000}{{1.00000000000000,0.0,0.0}{0.0,1.00000000000000,0.0}{0.0,0.0,1.00000000000000}}"fixed",{{0.0,0.0,0.0}}{{0.0,0.0,0.0}0.0,0.0,{0.0,0.0,0.0}{0.0,0.0,0.0}}}{1,{2.00000000000000,-2.00000000000000,-12.0000000000000}{{1.00000000000000,0.0,0.0}{0.0,1.00000000000000,0.0}{0.0,0.0,1.00000000000000}}"fixed",{{0.0,0.0,0.0}}{{0.0,0.0,0.0}0.0,0.0,{0.0,0.0,0.0}{0.0,0.0,0.0}}}]
 {0.0,0.0,-10.0000000000000}
 {"false",{{0.0,0.0,0.0}}{0.0,{0.0,0.0,0.0}{0.0,0.0,0.0}}}
 1.00000000000000e-01,
 {"false",1.00000000000000}
}
\end{data}

\begin{record}{"#0"}
\begin{data}
simulationResult:{
 [
  {
   {{1.00000000000000,0.0,0.0}{0.0,1.00000000000000,0.0}{0.0,0.0,1.00000000000000}}
   {1.00000000000000e-02,1.00000000000000e-02,0.0}
   {2.00627604166667,2.00627604166667,0.0}
   {0.0,0.0,0.0}
   [{{0.0,0.0,-10.0000000000000}{0.0,0.0,100.000000000000}}]
  }
 ]
 [
  {
   {0.0,2.00000000000000,-12.0000000000000}
   {{1.00000000000000,0.0,0.0}{0.0,-1.00000000000000,0.0}{0.0,0.0,-1.00000000000000}}
   [{{0.0,2.00000000000000,-12.0000000000000}{0.0,0.0,-100.000000000000}}]
  }
  {
   {-2.00000000000000,-2.00000000000000,-12.0000000000000}
   {{1.00000000000000,0.0,0.0}{0.0,1.00000000000000,0.0}{0.0,0.0,1.00000000000000}}
   [{{-2.00000000000000,-2.00000000000000,-12.0000000000000}{0.0,0.0,100.000000000000}}]
  }
  {
   {2.00000000000000,-2.00000000000000,-12.0000000000000}
   {{1.00000000000000,0.0,0.0}{0.0,1.00000000000000,0.0}{0.0,0.0,1.00000000000000}}
   [{{2.00000000000000,-2.00000000000000,-12.0000000000000}{0.0,0.0,100.000000000000}}]
  }
 ]
 {0.0,0.0,-10.0000000000000}
 {0.0,0.0,0.0}
 0.0
}
\end{data}
\end{record}

\begin{record}{"#1"}
\begin{data}
simulationResult:{
 [
  {
   {{0.99999949801006,-1.12355588989335e-08,-1.00198783731681e-03}{-5.22180023461038e-07,0.99999985829782,-5.32357079370510e-04}{1.00198770131428e-03,5.32357335350644e-04,0.99999935630795}}
   {-2.06153706528739e-02,1.00595935097490e-02,1.53010593048245e-05}
   {-4.13601242309390,2.01823214475150,3.06981486973863e-03}
   {-61.0493078879072,0.23850948832583,6.10437227562637e-02}
   [{{-1.00198770131427e-02,-5.32357335350644e-03,-9.99999356307950}{0.10019877013143,5.32357335350644e-02,99.9999356307950}}]
  }
 ]
 [
  {
   {0.0,2.00000000000000,-12.0000000000000}
   {{1.00000000000000,0.0,0.0}{0.0,-1.00000000000000,0.0}{0.0,0.0,-1.00000000000000}}
   [{{0.0,2.00000000000000,-12.0000000000000}{0.0,0.0,-100.000000000000}}]
  }
  {
   {-2.00000000000000,-2.00000000000000,-12.0000000000000}
   {{1.00000000000000,0.0,0.0}{0.0,1.00000000000000,0.0}{0.0,0.0,1.00000000000000}}
   [{{-2.00000000000000,-2.00000000000000,-12.0000000000000}{0.0,0.0,100.000000000000}}]
  }
  {
   {2.00000000000000,-2.00000000000000,-12.0000000000000}
   {{1.00000000000000,0.0,0.0}{0.0,1.00000000000000,0.0}{0.0,0.0,1.00000000000000}}
   [{{2.00000000000000,-2.00000000000000,-12.0000000000000}{0.0,0.0,100.000000000000}}]
  }
 ]
 {0.0,0.0,-10.0000000000000}
 {0.0,0.0,0.0}
 0.0
}
\end{data}
\end{record}

\begin{record}{"#2"}
\begin{data}
simulationResult:{
 [
  {
   {{0.99999796823233,-2.11147605630243e-06,-2.01581912836564e-03}{-6.15096230153353e-06,0.99999159992876,-4.09878446319696e-03}{2.01581084982661e-03,4.09878853464666e-03,0.99998956816517}}
   {-5.05058509660446e-02,1.02361892547723e-02,5.98548915906787e-05}
   {-10.1328678757163,2.05366212598154,1.20085434988526e-02}
   {-58.5559263568856,0.46806922104758,0.11612036632463}
   [{{-2.01581084982661e-02,-4.09878853464666e-02,-9.99989568165171}{0.20158108498266,0.40987885346467,99.9989568165171}}]
  }
 ]
 [
  {
   {0.0,2.00000000000000,-12.0000000000000}
   {{1.00000000000000,0.0,0.0}{0.0,-1.00000000000000,0.0}{0.0,0.0,-1.00000000000000}}
   [{{0.0,2.00000000000000,-12.0000000000000}{0.0,0.0,-100.000000000000}}]
  }
  {
   {-2.00000000000000,-2.00000000000000,-12.0000000000000}
   {{1.00000000000000,0.0,0.0}{0.0,1.00000000000000,0.0}{0.0,0.0,1.00000000000000}}
   [{{-2.00000000000000,-2.00000000000000,-12.0000000000000}{0.0,0.0,100.000000000000}}]
  }
  {
   {2.00000000000000,-2.00000000000000,-12.0000000000000}
   {{1.00000000000000,0.0,0.0}{0.0,1.00000000000000,0.0}{0.0,0.0,1.00000000000000}}
   [{{2.00000000000000,-2.00000000000000,-12.0000000000000}{0.0,0.0,100.000000000000}}]
  }
 ]
 {0.0,0.0,-10.0000000000000}
 {0.0,0.0,0.0}
 0.0
}
\end{data}
\end{record}

\begin{record}{"#3"}
\begin{data}
simulationResult:{
 [
  {
   {{0.99999533980314,-9.49336705971505e-06,-3.05291366975312e-03}{-2.27956376905336e-05,0.99994406968094,-1.05762465119598e-02}{3.05284332350776e-03,1.05762668176830e-02,0.99993940952832}}
   {-7.86920279660937e-02,1.05249908504669e-02,1.28927132440884e-04}
   {-15.7877930378537,2.11160369820530,2.58663416969363e-02}
   {-54.2876679359830,0.69145075481029,0.15842837624841}
   [{{-3.05284332350775e-02,-0.10576266817683,-9.99939409528319}{0.30528433235078,1.05762668176830,99.9939409528319}}]
  }
 ]
 [
  {
   {0.0,2.00000000000000,-12.0000000000000}
   {{1.00000000000000,0.0,0.0}{0.0,-1.00000000000000,0.0}{0.0,0.0,-1.00000000000000}}
   [{{0.0,2.00000000000000,-12.0000000000000}{0.0,0.0,-100.000000000000}}]
  }
  {
   {-2.00000000000000,-2.00000000000000,-12.0000000000000}
   {{1.00000000000000,0.0,0.0}{0.0,1.00000000000000,0.0}{0.0,0.0,1.00000000000000}}
   [{{-2.00000000000000,-2.00000000000000,-12.0000000000000}{0.0,0.0,100.000000000000}}]
  }
  {
   {2.00000000000000,-2.00000000000000,-12.0000000000000}
   {{1.00000000000000,0.0,0.0}{0.0,1.00000000000000,0.0}{0.0,0.0,1.00000000000000}}
   [{{2.00000000000000,-2.00000000000000,-12.0000000000000}{0.0,0.0,100.000000000000}}]
  }
 ]
 {0.0,0.0,-10.0000000000000}
 {0.0,0.0,0.0}
 0.0
}
\end{data}
\end{record}

\begin{record}{"#4"}
\begin{data}
simulationResult:{
 [
  {
   {{0.99999149406445,-2.55465234536662e-05,-4.12445706908100e-03}{-5.59316114590502e-05,0.99980487800421,-1.97535513423459e-02}{4.12415693134880e-03,1.97536140074416e-02,0.99979637229951}}
   {-0.10441905171607,1.09299384258800e-02,2.14778505935622e-04}
   {-20.9493441751506,2.19284736007361,4.30904970778333e-02}
   {-48.7898913288778,0.94303690014395,0.18262596937022}
   [{{-4.12415693134880e-02,-0.19753614007442,-9.99796372299505}{0.41241569313488,1.97536140074416,99.9796372299505}}]
  }
 ]
 [
  {
   {0.0,2.00000000000000,-12.0000000000000}
   {{1.00000000000000,0.0,0.0}{0.0,-1.00000000000000,0.0}{0.0,0.0,-1.00000000000000}}
   [{{0.0,2.00000000000000,-12.0000000000000}{0.0,0.0,-100.000000000000}}]
  }
  {
   {-2.00000000000000,-2.00000000000000,-12.0000000000000}
   {{1.00000000000000,0.0,0.0}{0.0,1.00000000000000,0.0}{0.0,0.0,1.00000000000000}}
   [{{-2.00000000000000,-2.00000000000000,-12.0000000000000}{0.0,0.0,100.000000000000}}]
  }
  {
   {2.00000000000000,-2.00000000000000,-12.0000000000000}
   {{1.00000000000000,0.0,0.0}{0.0,1.00000000000000,0.0}{0.0,0.0,1.00000000000000}}
   [{{2.00000000000000,-2.00000000000000,-12.0000000000000}{0.0,0.0,100.000000000000}}]
  }
 ]
 {0.0,0.0,-10.0000000000000}
 {0.0,0.0,0.0}
 0.0
}
\end{data}
\end{record}

\begin{record}{"#5"}
\begin{data}
simulationResult:{
 [
  {
   {{0.99998625330443,-5.39851682665124e-05,-5.24311813377309e-03}{-1.10453104886720e-04,0.99950823178382,-3.13573340144850e-02}{5.24223256587438e-03,3.13574820734377e-02,0.99949448588561}}
   {-0.12722625264154,1.14818055128564e-02,3.07064319600669e-04}
   {-25.5250982545757,2.30356713155225,6.16055787742270e-02}
   {-42.6672433231409,1.29659053100979,0.18310636107243}
   [{{-5.24223256587438e-02,-0.31357482073438,-9.99494485885610}{0.52422325658744,3.13574820734377,99.9494485885610}}]
  }
 ]
 [
  {
   {0.0,2.00000000000000,-12.0000000000000}
   {{1.00000000000000,0.0,0.0}{0.0,-1.00000000000000,0.0}{0.0,0.0,-1.00000000000000}}
   [{{0.0,2.00000000000000,-12.0000000000000}{0.0,0.0,-100.000000000000}}]
  }
  {
   {-2.00000000000000,-2.00000000000000,-12.0000000000000}
   {{1.00000000000000,0.0,0.0}{0.0,1.00000000000000,0.0}{0.0,0.0,1.00000000000000}}
   [{{-2.00000000000000,-2.00000000000000,-12.0000000000000}{0.0,0.0,100.000000000000}}]
  }
  {
   {2.00000000000000,-2.00000000000000,-12.0000000000000}
   {{1.00000000000000,0.0,0.0}{0.0,1.00000000000000,0.0}{0.0,0.0,1.00000000000000}}
   [{{2.00000000000000,-2.00000000000000,-12.0000000000000}{0.0,0.0,100.000000000000}}]
  }
 ]
 {0.0,0.0,-10.0000000000000}
 {0.0,0.0,0.0}
 0.0
}
\end{data}
\end{record}

\begin{record}{"#6"}
\begin{data}
simulationResult:{
 [
  {
   {{0.99997934367084,-9.91495597438801e-05,-6.42669440737924e-03}{-1.90675987805238e-04,0.99898332377314,-4.50808436682771e-02}{6.42463028576054e-03,4.50811378798358e-02,0.99896266953933}}
   {-0.14692829627151,1.22577641143620e-02,3.91772425346013e-04}
   {-29.4778720652431,2.45924584670501,7.86003630852136e-02}
   {-36.3859864406614,1.86350871359683,0.14991292660762}
   [{{-6.42463028576054e-02,-0.45081137879836,-9.98962669539333}{0.64246302857605,4.50811378798358,99.8962669539333}}]
  }
 ]
 [
  {
   {0.0,2.00000000000000,-12.0000000000000}
   {{1.00000000000000,0.0,0.0}{0.0,-1.00000000000000,0.0}{0.0,0.0,-1.00000000000000}}
   [{{0.0,2.00000000000000,-12.0000000000000}{0.0,0.0,-100.000000000000}}]
  }
  {
   {-2.00000000000000,-2.00000000000000,-12.0000000000000}
   {{1.00000000000000,0.0,0.0}{0.0,1.00000000000000,0.0}{0.0,0.0,1.00000000000000}}
   [{{-2.00000000000000,-2.00000000000000,-12.0000000000000}{0.0,0.0,100.000000000000}}]
  }
  {
   {2.00000000000000,-2.00000000000000,-12.0000000000000}
   {{1.00000000000000,0.0,0.0}{0.0,1.00000000000000,0.0}{0.0,0.0,1.00000000000000}}
   [{{2.00000000000000,-2.00000000000000,-12.0000000000000}{0.0,0.0,100.000000000000}}]
  }
 ]
 {0.0,0.0,-10.0000000000000}
 {0.0,0.0,0.0}
 0.0
}
\end{data}
\end{record}

\begin{record}{"#7"}
\begin{data}
simulationResult:{
 [
  {
   {{0.99997031294694,-1.66695058307730e-04,-7.70359900033158e-03}{-3.00505644519006e-04,0.99816171349867,-6.06061333675467e-02}{7.69954032121309e-03,6.06066491250323e-02,0.99813203092611}}
   {-0.16349908478298,1.33979759920745e-02,4.47697651144202e-04}
   {-32.8024296634524,2.68800382397308,8.98205071507322e-02}
   {-30.0947831215562,2.78281857155727,6.31766996952755e-02}
   [{{-7.69954032121309e-02,-0.60606649125032,-9.98132030926108}{0.76995403212131,6.06066491250323,99.8132030926108}}]
  }
 ]
 [
  {
   {0.0,2.00000000000000,-12.0000000000000}
   {{1.00000000000000,0.0,0.0}{0.0,-1.00000000000000,0.0}{0.0,0.0,-1.00000000000000}}
   [{{0.0,2.00000000000000,-12.0000000000000}{0.0,0.0,-100.000000000000}}]
  }
  {
   {-2.00000000000000,-2.00000000000000,-12.0000000000000}
   {{1.00000000000000,0.0,0.0}{0.0,1.00000000000000,0.0}{0.0,0.0,1.00000000000000}}
   [{{-2.00000000000000,-2.00000000000000,-12.0000000000000}{0.0,0.0,100.000000000000}}]
  }
  {
   {2.00000000000000,-2.00000000000000,-12.0000000000000}
   {{1.00000000000000,0.0,0.0}{0.0,1.00000000000000,0.0}{0.0,0.0,1.00000000000000}}
   [{{2.00000000000000,-2.00000000000000,-12.0000000000000}{0.0,0.0,100.000000000000}}]
  }
 ]
 {0.0,0.0,-10.0000000000000}
 {0.0,0.0,0.0}
 0.0
}
\end{data}
\end{record}

\begin{record}{"#8"}
\begin{data}
simulationResult:{
 [
  {
   {{0.99995837980021,-2.64886257530971e-04,-9.11967667197707e-03}{-4.43719744775337e-04,0.99698360745687,-7.76111433692357e-02}{9.11272627257771e-03,7.76119597585484e-02,0.99694199526468}}
   {-0.17688746634946,1.51150824488067e-02,4.40161908274301e-04}
   {-35.4885085808049,3.03250277848657,8.83086291132590e-02}
   {-23.5423575974486,4.20219496551550,-0.11194786277008}
   [{{-9.11272627257771e-02,-0.77611959758548,-9.96941995264679}{0.91127262725777,7.76119597585484,99.6941995264679}}]
  }
 ]
 [
  {
   {0.0,2.00000000000000,-12.0000000000000}
   {{1.00000000000000,0.0,0.0}{0.0,-1.00000000000000,0.0}{0.0,0.0,-1.00000000000000}}
   [{{0.0,2.00000000000000,-12.0000000000000}{0.0,0.0,-100.000000000000}}]
  }
  {
   {-2.00000000000000,-2.00000000000000,-12.0000000000000}
   {{1.00000000000000,0.0,0.0}{0.0,1.00000000000000,0.0}{0.0,0.0,1.00000000000000}}
   [{{-2.00000000000000,-2.00000000000000,-12.0000000000000}{0.0,0.0,100.000000000000}}]
  }
  {
   {2.00000000000000,-2.00000000000000,-12.0000000000000}
   {{1.00000000000000,0.0,0.0}{0.0,1.00000000000000,0.0}{0.0,0.0,1.00000000000000}}
   [{{2.00000000000000,-2.00000000000000,-12.0000000000000}{0.0,0.0,100.000000000000}}]
  }
 ]
 {0.0,0.0,-10.0000000000000}
 {0.0,0.0,0.0}
 0.0
}
\end{data}
\end{record}

\begin{record}{"#9"}
\begin{data}
simulationResult:{
 [
  {
   {{0.99994218416669,-4.06612952625932e-04,-1.07453706241170e-02}{-6.24246067469059e-04,0.99540445619889,-9.57579181908463e-02}{1.07349262126076e-02,9.57590896223660e-02,0.99534665223424}}
   {-0.18682900668790,1.76910170952089e-02,3.12976297141763e-04}
   {-37.4830560006305,3.54930637508426,6.27916846663786e-02}
   {-16.1516024641131,6.24502336406742,-0.42661668677987}
   [{{-0.10734926212608,-0.95759089622366,-9.95346652234238}{1.07349262126076,9.57590896223660,99.5346652234238}}]
  }
 ]
 [
  {
   {0.0,2.00000000000000,-12.0000000000000}
   {{1.00000000000000,0.0,0.0}{0.0,-1.00000000000000,0.0}{0.0,0.0,-1.00000000000000}}
   [{{0.0,2.00000000000000,-12.0000000000000}{0.0,0.0,-100.000000000000}}]
  }
  {
   {-2.00000000000000,-2.00000000000000,-12.0000000000000}
   {{1.00000000000000,0.0,0.0}{0.0,1.00000000000000,0.0}{0.0,0.0,1.00000000000000}}
   [{{-2.00000000000000,-2.00000000000000,-12.0000000000000}{0.0,0.0,100.000000000000}}]
  }
  {
   {2.00000000000000,-2.00000000000000,-12.0000000000000}
   {{1.00000000000000,0.0,0.0}{0.0,1.00000000000000,0.0}{0.0,0.0,1.00000000000000}}
   [{{2.00000000000000,-2.00000000000000,-12.0000000000000}{0.0,0.0,100.000000000000}}]
  }
 ]
 {0.0,0.0,-10.0000000000000}
 {0.0,0.0,0.0}
 0.0
}
\end{data}
\end{record}

\begin{record}{"#10"}
\begin{data}
simulationResult:{
 [
  {
   {{0.99991939824334,-6.11993685493067e-04,-1.26815803590357e-02}{-8.46256680696729e-04,0.99340374812479,-0.11466593679573}{1.26681042900719e-02,0.11466742639190,0.99332316013388}}
   {-0.19273977867908,2.14529549098752e-02,-1.84305688639496e-05}
   {-38.6689200239982,4.30405494586476,-3.69768086624047e-03}
   {-7.27406258602002,8.95978313424448,-0.94153315522369}
   [{{-0.12668104290072,-1.14667426391900,-9.93323160133878}{1.26681042900719,11.4667426391900,99.3323160133878}}]
  }
 ]
 [
  {
   {0.0,2.00000000000000,-12.0000000000000}
   {{1.00000000000000,0.0,0.0}{0.0,-1.00000000000000,0.0}{0.0,0.0,-1.00000000000000}}
   [{{0.0,2.00000000000000,-12.0000000000000}{0.0,0.0,-100.000000000000}}]
  }
  {
   {-2.00000000000000,-2.00000000000000,-12.0000000000000}
   {{1.00000000000000,0.0,0.0}{0.0,1.00000000000000,0.0}{0.0,0.0,1.00000000000000}}
   [{{-2.00000000000000,-2.00000000000000,-12.0000000000000}{0.0,0.0,100.000000000000}}]
  }
  {
   {2.00000000000000,-2.00000000000000,-12.0000000000000}
   {{1.00000000000000,0.0,0.0}{0.0,1.00000000000000,0.0}{0.0,0.0,1.00000000000000}}
   [{{2.00000000000000,-2.00000000000000,-12.0000000000000}{0.0,0.0,100.000000000000}}]
  }
 ]
 {0.0,0.0,-10.0000000000000}
 {0.0,0.0,0.0}
 0.0
}
\end{data}
\end{record}

\begin{record}{"#11"}
\begin{data}
simulationResult:{
 [
  {
   {{0.99988615020654,-9.10990522290384e-04,-1.50617635558643e-02}{-1.11385598566195e-03,0.99099648816880,-0.13388323181768}{1.50481211447699e-02,0.13388476587488,0.99088264871106}}
   {-0.19377321257219,2.67215864066755e-02,-6.67778937661354e-04}
   {-38.8762553900368,5.36108786030489,-0.13397488836849}
   {3.42963303457246,12.2638024073226,-1.70912857246796}
   [{{-0.15048121144770,-1.33884765874881,-9.90882648711057}{1.50481211447699,13.3884765874881,99.0882648711057}}]
  }
 ]
 [
  {
   {0.0,2.00000000000000,-12.0000000000000}
   {{1.00000000000000,0.0,0.0}{0.0,-1.00000000000000,0.0}{0.0,0.0,-1.00000000000000}}
   [{{0.0,2.00000000000000,-12.0000000000000}{0.0,0.0,-100.000000000000}}]
  }
  {
   {-2.00000000000000,-2.00000000000000,-12.0000000000000}
   {{1.00000000000000,0.0,0.0}{0.0,1.00000000000000,0.0}{0.0,0.0,1.00000000000000}}
   [{{-2.00000000000000,-2.00000000000000,-12.0000000000000}{0.0,0.0,100.000000000000}}]
  }
  {
   {2.00000000000000,-2.00000000000000,-12.0000000000000}
   {{1.00000000000000,0.0,0.0}{0.0,1.00000000000000,0.0}{0.0,0.0,1.00000000000000}}
   [{{2.00000000000000,-2.00000000000000,-12.0000000000000}{0.0,0.0,100.000000000000}}]
  }
 ]
 {0.0,0.0,-10.0000000000000}
 {0.0,0.0,0.0}
 0.0
}
\end{data}
\end{record}

\begin{record}{"#12"}
\begin{data}
simulationResult:{
 [
  {
   {{0.99983622213953,-1.34493228789406e-03,-1.80477160572996e-02}{-1.43012801574307e-03,0.98824474324203,-0.15287341884173}{1.80411649181120e-02,0.15287419210463,0.98808096720702}}
   {-0.18906118607121,3.37375291758334e-02,-1.76778375138855e-03}
   {-37.9308928023748,6.76867964905194,-0.35466621871646}
   {15.6739381295274,15.9200781059077,-2.74931434865808}
   [{{-0.18041164918112,-1.52874192104627,-9.88080967207017}{1.80411649181120,15.2874192104627,98.8080967207017}}]
  }
 ]
 [
  {
   {0.0,2.00000000000000,-12.0000000000000}
   {{1.00000000000000,0.0,0.0}{0.0,-1.00000000000000,0.0}{0.0,0.0,-1.00000000000000}}
   [{{0.0,2.00000000000000,-12.0000000000000}{0.0,0.0,-100.000000000000}}]
  }
  {
   {-2.00000000000000,-2.00000000000000,-12.0000000000000}
   {{1.00000000000000,0.0,0.0}{0.0,1.00000000000000,0.0}{0.0,0.0,1.00000000000000}}
   [{{-2.00000000000000,-2.00000000000000,-12.0000000000000}{0.0,0.0,100.000000000000}}]
  }
  {
   {2.00000000000000,-2.00000000000000,-12.0000000000000}
   {{1.00000000000000,0.0,0.0}{0.0,1.00000000000000,0.0}{0.0,0.0,1.00000000000000}}
   [{{2.00000000000000,-2.00000000000000,-12.0000000000000}{0.0,0.0,100.000000000000}}]
  }
 ]
 {0.0,0.0,-10.0000000000000}
 {0.0,0.0,0.0}
 0.0
}
\end{data}
\end{record}

\begin{record}{"#13"}
\begin{data}
simulationResult:{
 [
  {
   {{0.99976002269117,-1.96564787024182e-03,-2.18181863822076e-02}{-1.79537163278165e-03,0.98526372501681,-0.17103265421171}{2.18328575605380e-02,0.17103078200853,0.98502375501116}}
   {-0.17804113848617,4.25943045395843e-02,-3.44945020952864e-03}
   {-35.7199670575856,8.54559327092505,-0.69205493121348}
   {28.5553085396138,19.5920203194576,-4.03470730472540}
   [{{-0.21832857560538,-1.71030782008535,-9.85023755011162}{2.18328575605379,17.1030782008535,98.5023755011162}}]
  }
 ]
 [
  {
   {0.0,2.00000000000000,-12.0000000000000}
   {{1.00000000000000,0.0,0.0}{0.0,-1.00000000000000,0.0}{0.0,0.0,-1.00000000000000}}
   [{{0.0,2.00000000000000,-12.0000000000000}{0.0,0.0,-100.000000000000}}]
  }
  {
   {-2.00000000000000,-2.00000000000000,-12.0000000000000}
   {{1.00000000000000,0.0,0.0}{0.0,1.00000000000000,0.0}{0.0,0.0,1.00000000000000}}
   [{{-2.00000000000000,-2.00000000000000,-12.0000000000000}{0.0,0.0,100.000000000000}}]
  }
  {
   {2.00000000000000,-2.00000000000000,-12.0000000000000}
   {{1.00000000000000,0.0,0.0}{0.0,1.00000000000000,0.0}{0.0,0.0,1.00000000000000}}
   [{{2.00000000000000,-2.00000000000000,-12.0000000000000}{0.0,0.0,100.000000000000}}]
  }
 ]
 {0.0,0.0,-10.0000000000000}
 {0.0,0.0,0.0}
 0.0
}
\end{data}
\end{record}

\begin{record}{"#14"}
\begin{data}
simulationResult:{
 [
  {
   {{0.99964339272012,-2.83156883824494e-03,-2.65531468742227e-02}{-2.20451945602743e-03,0.98221728391638,-0.18773477906317}{2.66125437524818e-02,0.18772636840317,0.98186077583392}}
   {-0.16067841349328,5.32188641210359e-02,-5.82009478697506e-03}
   {-32.2365251404572,10.6771732050805,-1.16767167310395}
   {40.9463935070018,22.9722601594079,-5.50198846395736}
   [{{-0.26612543752482,-1.87726368403167,-9.81860775833917}{2.66125437524818,18.7726368403167,98.1860775833917}}]
  }
 ]
 [
  {
   {0.0,2.00000000000000,-12.0000000000000}
   {{1.00000000000000,0.0,0.0}{0.0,-1.00000000000000,0.0}{0.0,0.0,-1.00000000000000}}
   [{{0.0,2.00000000000000,-12.0000000000000}{0.0,0.0,-100.000000000000}}]
  }
  {
   {-2.00000000000000,-2.00000000000000,-12.0000000000000}
   {{1.00000000000000,0.0,0.0}{0.0,1.00000000000000,0.0}{0.0,0.0,1.00000000000000}}
   [{{-2.00000000000000,-2.00000000000000,-12.0000000000000}{0.0,0.0,100.000000000000}}]
  }
  {
   {2.00000000000000,-2.00000000000000,-12.0000000000000}
   {{1.00000000000000,0.0,0.0}{0.0,1.00000000000000,0.0}{0.0,0.0,1.00000000000000}}
   [{{2.00000000000000,-2.00000000000000,-12.0000000000000}{0.0,0.0,100.000000000000}}]
  }
 ]
 {0.0,0.0,-10.0000000000000}
 {0.0,0.0,0.0}
 0.0
}
\end{data}
\end{record}

\begin{record}{"#15"}
\begin{data}
simulationResult:{
 [
  {
   {{0.99946632855106,-4.00158624772001e-03,-3.24198303538839e-02}{-2.64394333202174e-03,0.97930241543304,-0.20238524820419}{3.25586801994431e-02,0.20236295716983,0.97876920972676}}
   {-0.13744825981542,6.54200349192422e-02,-8.95354870409120e-03}
   {-27.5759150636447,13.1250648703570,-1.79632902524401}
   {52.0001729559309,25.9102064199629,-7.08678095322802}
   [{{-0.32558680199443,-2.02362957169829,-9.78769209726763}{3.25586801994431,20.2362957169829,97.8769209726763}}]
  }
 ]
 [
  {
   {0.0,2.00000000000000,-12.0000000000000}
   {{1.00000000000000,0.0,0.0}{0.0,-1.00000000000000,0.0}{0.0,0.0,-1.00000000000000}}
   [{{0.0,2.00000000000000,-12.0000000000000}{0.0,0.0,-100.000000000000}}]
  }
  {
   {-2.00000000000000,-2.00000000000000,-12.0000000000000}
   {{1.00000000000000,0.0,0.0}{0.0,1.00000000000000,0.0}{0.0,0.0,1.00000000000000}}
   [{{-2.00000000000000,-2.00000000000000,-12.0000000000000}{0.0,0.0,100.000000000000}}]
  }
  {
   {2.00000000000000,-2.00000000000000,-12.0000000000000}
   {{1.00000000000000,0.0,0.0}{0.0,1.00000000000000,0.0}{0.0,0.0,1.00000000000000}}
   [{{2.00000000000000,-2.00000000000000,-12.0000000000000}{0.0,0.0,100.000000000000}}]
  }
 ]
 {0.0,0.0,-10.0000000000000}
 {0.0,0.0,0.0}
 0.0
}
\end{data}
\end{record}

\begin{record}{"#16"}
\begin{data}
simulationResult:{
 [
  {
   {{0.99920164760203,-5.52860179184280e-03,-3.95664250547568e-02}{-3.08794559240218e-03,0.97672786741318,-0.21446010727059}{3.98312944982311e-02,0.21441107149754,0.97593102235654}}
   {-0.10911671032822,7.89820072560889e-02,-1.28988183519149e-02}
   {-21.8918241676966,15.8459708880777,-2.58785902246092}
   {61.4103911738911,28.4559273645618,-8.75812025296774}
   [{{-0.39831294498231,-2.14411071497540,-9.75931022356535}{3.98312944982310,21.4411071497540,97.5931022356535}}]
  }
 ]
 [
  {
   {0.0,2.00000000000000,-12.0000000000000}
   {{1.00000000000000,0.0,0.0}{0.0,-1.00000000000000,0.0}{0.0,0.0,-1.00000000000000}}
   [{{0.0,2.00000000000000,-12.0000000000000}{0.0,0.0,-100.000000000000}}]
  }
  {
   {-2.00000000000000,-2.00000000000000,-12.0000000000000}
   {{1.00000000000000,0.0,0.0}{0.0,1.00000000000000,0.0}{0.0,0.0,1.00000000000000}}
   [{{-2.00000000000000,-2.00000000000000,-12.0000000000000}{0.0,0.0,100.000000000000}}]
  }
  {
   {2.00000000000000,-2.00000000000000,-12.0000000000000}
   {{1.00000000000000,0.0,0.0}{0.0,1.00000000000000,0.0}{0.0,0.0,1.00000000000000}}
   [{{2.00000000000000,-2.00000000000000,-12.0000000000000}{0.0,0.0,100.000000000000}}]
  }
 ]
 {0.0,0.0,-10.0000000000000}
 {0.0,0.0,0.0}
 0.0
}
\end{data}
\end{record}

\begin{record}{"#17"}
\begin{data}
simulationResult:{
 [
  {
   {{0.99881348489580,-7.45456166757133e-03,-4.81253768883573e-02}{-3.49512531559677e-03,0.97469351979679,-0.22351806764818}{4.85737222099597e-02,0.22342106430794,0.97351097658638}}
   {-7.64764851936363e-02,9.37540668311015e-02,-1.77007617397611e-02}
   {-15.3432939994831,18.8096538092227,-3.55126141969845}
   {69.3447499629357,30.8047204879341,-10.5296769166882}
   [{{-0.48573722209960,-2.23421064307941,-9.73510976586385}{4.85737222099596,22.3421064307941,97.3510976586385}}]
  }
 ]
 [
  {
   {0.0,2.00000000000000,-12.0000000000000}
   {{1.00000000000000,0.0,0.0}{0.0,-1.00000000000000,0.0}{0.0,0.0,-1.00000000000000}}
   [{{0.0,2.00000000000000,-12.0000000000000}{0.0,0.0,-100.000000000000}}]
  }
  {
   {-2.00000000000000,-2.00000000000000,-12.0000000000000}
   {{1.00000000000000,0.0,0.0}{0.0,1.00000000000000,0.0}{0.0,0.0,1.00000000000000}}
   [{{-2.00000000000000,-2.00000000000000,-12.0000000000000}{0.0,0.0,100.000000000000}}]
  }
  {
   {2.00000000000000,-2.00000000000000,-12.0000000000000}
   {{1.00000000000000,0.0,0.0}{0.0,1.00000000000000,0.0}{0.0,0.0,1.00000000000000}}
   [{{2.00000000000000,-2.00000000000000,-12.0000000000000}{0.0,0.0,100.000000000000}}]
  }
 ]
 {0.0,0.0,-10.0000000000000}
 {0.0,0.0,0.0}
 0.0
}
\end{data}
\end{record}

\begin{record}{"#18"}
\begin{data}
simulationResult:{
 [
  {
   {{0.99825539645099,-9.80740768160175e-03,-5.82235193975744e-02}{-3.80456533087020e-03,0.97337443416920,-0.22918930208113}{5.89210381707248e-02,0.22901097279467,0.97163896875358}}
   {-4.01670895617586e-02,0.10969474627617,-2.34187951183576e-02}
   {-8.05862694511934,22.0077941350740,-4.69845675699653}
   {76.2051151087956,33.1749560885989,-12.4403341683864}
   [{{-0.58921038170725,-2.29010972794667,-9.71638968753582}{5.89210381707246,22.9010972794667,97.1638968753582}}]
  }
 ]
 [
  {
   {0.0,2.00000000000000,-12.0000000000000}
   {{1.00000000000000,0.0,0.0}{0.0,-1.00000000000000,0.0}{0.0,0.0,-1.00000000000000}}
   [{{0.0,2.00000000000000,-12.0000000000000}{0.0,0.0,-100.000000000000}}]
  }
  {
   {-2.00000000000000,-2.00000000000000,-12.0000000000000}
   {{1.00000000000000,0.0,0.0}{0.0,1.00000000000000,0.0}{0.0,0.0,1.00000000000000}}
   [{{-2.00000000000000,-2.00000000000000,-12.0000000000000}{0.0,0.0,100.000000000000}}]
  }
  {
   {2.00000000000000,-2.00000000000000,-12.0000000000000}
   {{1.00000000000000,0.0,0.0}{0.0,1.00000000000000,0.0}{0.0,0.0,1.00000000000000}}
   [{{2.00000000000000,-2.00000000000000,-12.0000000000000}{0.0,0.0,100.000000000000}}]
  }
 ]
 {0.0,0.0,-10.0000000000000}
 {0.0,0.0,0.0}
 0.0
}
\end{data}
\end{record}

\begin{record}{"#19"}
\begin{data}
simulationResult:{
 [
  {
   {{0.99746793274117,-1.25986928906639e-02,-6.99928288505856e-02}{-3.93162759797114e-03,0.97290944297597,-0.23115310526276}{7.10089111132645e-02,0.23084299579071,0.97039643746094}}
   {-6.27615851828751e-04,0.12684039722610,-3.01275332805448e-02}
   {-0.12591706468652,25.4476850070304,-6.04441482148748}
   {82.3429147622016,35.6209139028701,-14.4991455555278}
   [{{-0.71008911113264,-2.30842995790712,-9.70396437460937}{7.10089111132643,23.0842995790712,97.0396437460937}}]
  }
 ]
 [
  {
   {0.0,2.00000000000000,-12.0000000000000}
   {{1.00000000000000,0.0,0.0}{0.0,-1.00000000000000,0.0}{0.0,0.0,-1.00000000000000}}
   [{{0.0,2.00000000000000,-12.0000000000000}{0.0,0.0,-100.000000000000}}]
  }
  {
   {-2.00000000000000,-2.00000000000000,-12.0000000000000}
   {{1.00000000000000,0.0,0.0}{0.0,1.00000000000000,0.0}{0.0,0.0,1.00000000000000}}
   [{{-2.00000000000000,-2.00000000000000,-12.0000000000000}{0.0,0.0,100.000000000000}}]
  }
  {
   {2.00000000000000,-2.00000000000000,-12.0000000000000}
   {{1.00000000000000,0.0,0.0}{0.0,1.00000000000000,0.0}{0.0,0.0,1.00000000000000}}
   [{{2.00000000000000,-2.00000000000000,-12.0000000000000}{0.0,0.0,100.000000000000}}]
  }
 ]
 {0.0,0.0,-10.0000000000000}
 {0.0,0.0,0.0}
 0.0
}
\end{data}
\end{record}

\begin{record}{"#20"}
\begin{data}
simulationResult:{
 [
  {
   {{0.99637617790783,-1.58190377879119e-02,-8.35719458983971e-02}{-3.76346266755805e-03,0.97339110358512,-0.22911917381593}{8.49726335153259e-02,0.22860340659056,0.96980417304148}}
   {4.17904461749915e-02,0.14514839463342,-3.78761638303672e-02}
   {8.38431709314242,29.1207746639351,-7.59900400433549}
   {87.6757262444277,37.6939979772082,-16.5672763084106}
   [{{-0.84972633515326,-2.28603406590562,-9.69804173041475}{8.49726335153257,22.8603406590562,96.9804173041476}}]
  }
 ]
 [
  {
   {0.0,2.00000000000000,-12.0000000000000}
   {{1.00000000000000,0.0,0.0}{0.0,-1.00000000000000,0.0}{0.0,0.0,-1.00000000000000}}
   [{{0.0,2.00000000000000,-12.0000000000000}{0.0,0.0,-100.000000000000}}]
  }
  {
   {-2.00000000000000,-2.00000000000000,-12.0000000000000}
   {{1.00000000000000,0.0,0.0}{0.0,1.00000000000000,0.0}{0.0,0.0,1.00000000000000}}
   [{{-2.00000000000000,-2.00000000000000,-12.0000000000000}{0.0,0.0,100.000000000000}}]
  }
  {
   {2.00000000000000,-2.00000000000000,-12.0000000000000}
   {{1.00000000000000,0.0,0.0}{0.0,1.00000000000000,0.0}{0.0,0.0,1.00000000000000}}
   [{{2.00000000000000,-2.00000000000000,-12.0000000000000}{0.0,0.0,100.000000000000}}]
  }
 ]
 {0.0,0.0,-10.0000000000000}
 {0.0,0.0,0.0}
 0.0
}
\end{data}
\end{record}

\begin{record}{"#21"}
\begin{data}
simulationResult:{
 [
  {
   {{0.99488977284295,-1.94269875154549e-02,-9.90804322183621e-02}{-3.15605147020054e-03,0.97485160823384,-0.22283263060652}{0.10091768542540,0.22200660818989,0.96980858249884}}
   {8.64485869945484e-02,0.16409986345251,-4.65611938391914e-02}
   {17.3439728922966,32.9229624485241,-9.34146076722467}
   {90.9726252220168,37.7899910430287,-18.1173633907055}
   [{{-1.00917685425402,-2.22006608189886,-9.69808582498836}{10.0917685425402,22.2006608189886,96.9808582498836}}]
  }
 ]
 [
  {
   {0.0,2.00000000000000,-12.0000000000000}
   {{1.00000000000000,0.0,0.0}{0.0,-1.00000000000000,0.0}{0.0,0.0,-1.00000000000000}}
   [{{0.0,2.00000000000000,-12.0000000000000}{0.0,0.0,-100.000000000000}}]
  }
  {
   {-2.00000000000000,-2.00000000000000,-12.0000000000000}
   {{1.00000000000000,0.0,0.0}{0.0,1.00000000000000,0.0}{0.0,0.0,1.00000000000000}}
   [{{-2.00000000000000,-2.00000000000000,-12.0000000000000}{0.0,0.0,100.000000000000}}]
  }
  {
   {2.00000000000000,-2.00000000000000,-12.0000000000000}
   {{1.00000000000000,0.0,0.0}{0.0,1.00000000000000,0.0}{0.0,0.0,1.00000000000000}}
   [{{2.00000000000000,-2.00000000000000,-12.0000000000000}{0.0,0.0,100.000000000000}}]
  }
 ]
 {0.0,0.0,-10.0000000000000}
 {0.0,0.0,0.0}
 0.0
}
\end{data}
\end{record}

\begin{record}{"#22"}
\begin{data}
simulationResult:{
 [
  {
   {{0.99291296580901,-2.33259784564645e-02,-0.11653214602591}{-1.93974281777234e-03,0.97723756720261,-0.21213904554731}{0.11882794168947,0.21086165127156,0.97026660475195}}
   {0.13156655180442,0.18189499719592,-5.56429147897074e-02}
   {26.3958820769579,36.4931574972625,-11.1635046833719}
   {88.6688959745970,32.2369874925817,-17.8650761837005}
   [{{-1.18827941689474,-2.10861651271564,-9.70266604751948}{11.8827941689474,21.0861651271564,97.0266604751947}}]
  }
 ]
 [
  {
   {0.0,2.00000000000000,-12.0000000000000}
   {{1.00000000000000,0.0,0.0}{0.0,-1.00000000000000,0.0}{0.0,0.0,-1.00000000000000}}
   [{{0.0,2.00000000000000,-12.0000000000000}{0.0,0.0,-100.000000000000}}]
  }
  {
   {-2.00000000000000,-2.00000000000000,-12.0000000000000}
   {{1.00000000000000,0.0,0.0}{0.0,1.00000000000000,0.0}{0.0,0.0,1.00000000000000}}
   [{{-2.00000000000000,-2.00000000000000,-12.0000000000000}{0.0,0.0,100.000000000000}}]
  }
  {
   {2.00000000000000,-2.00000000000000,-12.0000000000000}
   {{1.00000000000000,0.0,0.0}{0.0,1.00000000000000,0.0}{0.0,0.0,1.00000000000000}}
   [{{2.00000000000000,-2.00000000000000,-12.0000000000000}{0.0,0.0,100.000000000000}}]
  }
 ]
 {0.0,0.0,-10.0000000000000}
 {0.0,0.0,0.0}
 0.0
}
\end{data}
\end{record}

\begin{record}{"#23"}
\begin{data}
simulationResult:{
 [
  {
   {{0.99038035453827,-2.73299758149956e-02,-0.13564595742813}{4.94950758108573e-05,0.98037054175795,-0.19716388716870}{0.13837178503900,0.19526052666933,0.97094107742434}}
   {0.17285496535337,0.19437471147660,-6.37237007264814e-02}
   {34.6794775671008,38.9969326740555,-12.7847334057915}
   {74.4431334283115,15.5649191864307,-13.7392926083879}
   [{{-1.38371785039000,-1.95260526669332,-9.70941077424339}{13.8371785039000,19.5260526669332,97.0941077424339}}]
  }
 ]
 [
  {
   {0.0,2.00000000000000,-12.0000000000000}
   {{1.00000000000000,0.0,0.0}{0.0,-1.00000000000000,0.0}{0.0,0.0,-1.00000000000000}}
   [{{0.0,2.00000000000000,-12.0000000000000}{0.0,0.0,-100.000000000000}}]
  }
  {
   {-2.00000000000000,-2.00000000000000,-12.0000000000000}
   {{1.00000000000000,0.0,0.0}{0.0,1.00000000000000,0.0}{0.0,0.0,1.00000000000000}}
   [{{-2.00000000000000,-2.00000000000000,-12.0000000000000}{0.0,0.0,100.000000000000}}]
  }
  {
   {2.00000000000000,-2.00000000000000,-12.0000000000000}
   {{1.00000000000000,0.0,0.0}{0.0,1.00000000000000,0.0}{0.0,0.0,1.00000000000000}}
   [{{2.00000000000000,-2.00000000000000,-12.0000000000000}{0.0,0.0,100.000000000000}}]
  }
 ]
 {0.0,0.0,-10.0000000000000}
 {0.0,0.0,0.0}
 0.0
}
\end{data}
\end{record}

\begin{record}{"#24"}
\begin{data}
simulationResult:{
 [
  {
   {{0.98733166566383,-3.11445426916015e-02,-0.15558341633357}{2.89166808902810e-03,0.98391590892427,-0.17860885314391}{0.15864368954723,0.17589628087669,0.97154139291159}}
   {0.20299422899250,0.19513510697932,-6.84760253274284e-02}
   {40.7262458223407,39.1494890019748,-13.7381809048106}
   {43.9183764422051,-14.3680821636719,-4.57014089711080}
   [{{-1.58643689547231,-1.75896280876686,-9.71541392911590}{15.8643689547231,17.5896280876686,97.1541392911590}}]
  }
 ]
 [
  {
   {0.0,2.00000000000000,-12.0000000000000}
   {{1.00000000000000,0.0,0.0}{0.0,-1.00000000000000,0.0}{0.0,0.0,-1.00000000000000}}
   [{{0.0,2.00000000000000,-12.0000000000000}{0.0,0.0,-100.000000000000}}]
  }
  {
   {-2.00000000000000,-2.00000000000000,-12.0000000000000}
   {{1.00000000000000,0.0,0.0}{0.0,1.00000000000000,0.0}{0.0,0.0,1.00000000000000}}
   [{{-2.00000000000000,-2.00000000000000,-12.0000000000000}{0.0,0.0,100.000000000000}}]
  }
  {
   {2.00000000000000,-2.00000000000000,-12.0000000000000}
   {{1.00000000000000,0.0,0.0}{0.0,1.00000000000000,0.0}{0.0,0.0,1.00000000000000}}
   [{{2.00000000000000,-2.00000000000000,-12.0000000000000}{0.0,0.0,100.000000000000}}]
  }
 ]
 {0.0,0.0,-10.0000000000000}
 {0.0,0.0,0.0}
 0.0
}
\end{data}
\end{record}

\begin{record}{"#25"}
\begin{data}
simulationResult:{
 [
  {
   {{0.98398933811823,-3.44261939137345e-02,-0.17487086561875}{6.48025382918413e-03,0.98742942990424,-0.15792760135358}{0.17810948537332,0.15426586832997,0.97184312164487}}
   {0.21508754261042,0.17930091409926,-6.78804441357519e-02}
   {43.1524983599210,35.9727128205388,-13.6186908772886}
   {4.46824534076650,-48.5703394415338,6.89093596518257}
   [{{-1.78109485373317,-1.54265868329974,-9.71843121644873}{17.8109485373317,15.4265868329974,97.1843121644873}}]
  }
 ]
 [
  {
   {0.0,2.00000000000000,-12.0000000000000}
   {{1.00000000000000,0.0,0.0}{0.0,-1.00000000000000,0.0}{0.0,0.0,-1.00000000000000}}
   [{{0.0,2.00000000000000,-12.0000000000000}{0.0,0.0,-100.000000000000}}]
  }
  {
   {-2.00000000000000,-2.00000000000000,-12.0000000000000}
   {{1.00000000000000,0.0,0.0}{0.0,1.00000000000000,0.0}{0.0,0.0,1.00000000000000}}
   [{{-2.00000000000000,-2.00000000000000,-12.0000000000000}{0.0,0.0,100.000000000000}}]
  }
  {
   {2.00000000000000,-2.00000000000000,-12.0000000000000}
   {{1.00000000000000,0.0,0.0}{0.0,1.00000000000000,0.0}{0.0,0.0,1.00000000000000}}
   [{{2.00000000000000,-2.00000000000000,-12.0000000000000}{0.0,0.0,100.000000000000}}]
  }
 ]
 {0.0,0.0,-10.0000000000000}
 {0.0,0.0,0.0}
 0.0
}
\end{data}
\end{record}

\begin{record}{"#26"}
\begin{data}
simulationResult:{
 [
  {
   {{0.98073273502280,-3.69317915001252e-02,-0.19183155431597}{1.05077854110606e-02,0.99051864715802,-0.13697589597446}{0.19507149689395,0.13232102028341,0.97182213325830}}
   {0.20872333814570,0.14847144769607,-6.21120525889942e-02}
   {41.8756632657330,29.7874708383444,-12.4613923013460}
   {-27.6942140659176,-72.6460962037301,15.4503142646662}
   [{{-1.95071496893946,-1.32321020283411,-9.71822133258300}{19.5071496893946,13.2321020283411,97.1822133258300}}]
  }
 ]
 [
  {
   {0.0,2.00000000000000,-12.0000000000000}
   {{1.00000000000000,0.0,0.0}{0.0,-1.00000000000000,0.0}{0.0,0.0,-1.00000000000000}}
   [{{0.0,2.00000000000000,-12.0000000000000}{0.0,0.0,-100.000000000000}}]
  }
  {
   {-2.00000000000000,-2.00000000000000,-12.0000000000000}
   {{1.00000000000000,0.0,0.0}{0.0,1.00000000000000,0.0}{0.0,0.0,1.00000000000000}}
   [{{-2.00000000000000,-2.00000000000000,-12.0000000000000}{0.0,0.0,100.000000000000}}]
  }
  {
   {2.00000000000000,-2.00000000000000,-12.0000000000000}
   {{1.00000000000000,0.0,0.0}{0.0,1.00000000000000,0.0}{0.0,0.0,1.00000000000000}}
   [{{2.00000000000000,-2.00000000000000,-12.0000000000000}{0.0,0.0,100.000000000000}}]
  }
 ]
 {0.0,0.0,-10.0000000000000}
 {0.0,0.0,0.0}
 0.0
}
\end{data}
\end{record}

\begin{record}{"#27"}
\begin{data}
simulationResult:{
 [
  {
   {{0.97794672786796,-3.86216499449688e-02,-0.20525244361001}{1.45983541259969e-02,0.99299014802313,-0.11729217359146}{0.20834367163215,0.11170914951124,0.97165527858717}}
   {0.19003655136561,0.10937082707556,-5.33220331008173e-02}
   {38.1265780044801,21.9428070018443,-10.6978717507716}
   {-44.9042648332002,-82.0875910824914,19.0658712033212}
   [{{-2.08343671632149,-1.11709149511239,-9.71655278587170}{20.8343671632149,11.1709149511239,97.1655278587170}}]
  }
 ]
 [
  {
   {0.0,2.00000000000000,-12.0000000000000}
   {{1.00000000000000,0.0,0.0}{0.0,-1.00000000000000,0.0}{0.0,0.0,-1.00000000000000}}
   [{{0.0,2.00000000000000,-12.0000000000000}{0.0,0.0,-100.000000000000}}]
  }
  {
   {-2.00000000000000,-2.00000000000000,-12.0000000000000}
   {{1.00000000000000,0.0,0.0}{0.0,1.00000000000000,0.0}{0.0,0.0,1.00000000000000}}
   [{{-2.00000000000000,-2.00000000000000,-12.0000000000000}{0.0,0.0,100.000000000000}}]
  }
  {
   {2.00000000000000,-2.00000000000000,-12.0000000000000}
   {{1.00000000000000,0.0,0.0}{0.0,1.00000000000000,0.0}{0.0,0.0,1.00000000000000}}
