\include {"pem1_3_def.udf"}


\begin{data}
unitParameter:{1.00000000000000e-02,1.00000000000000e-03,1.00000000000000,1.00000000000000}
body[]:[
 {
  0,
  [
   {
    {0.25000000000000,0.0,-10.0000000000000}
    1.00000000000000,
    "cylinder",
    {0.0}
    {1.00000000000000,0.25000000000000,{1.00000000000000,0.0,0.0}}
    {0.0,0.0,0.0,{0.0,0.0,0.0}{0.0,0.0,0.0}}
    {0.0,0.0,0.0,{0.0,0.0,0.0}{0.0,0.0,0.0}}
    {
     []
     [
     ]
    }
    {0.0,{0.0,0.0,0.0}}
   }
   {
    {-0.25000000000000,0.0,-10.0000000000000}
    1.00000000000000,
    "cylinder",
    {0.0}
    {1.00000000000000,0.25000000000000,{1.00000000000000,0.0,0.0}}
    {0.0,0.0,0.0,{0.0,0.0,0.0}{0.0,0.0,0.0}}
    {0.0,0.0,0.0,{0.0,0.0,0.0}{0.0,0.0,0.0}}
    {
     []
     [
     ]
    }
    {0.0,{0.0,0.0,0.0}}
   }
   {
    {0.0,0.0,-5.00000000000000}
    0.0,
    "line",
    {0.0}
    {0.0,0.0,{0.0,0.0,0.0}}
    {0.0,0.0,0.0,{0.0,0.0,0.0}{0.0,0.0,0.0}}
    {0.0,0.0,0.0,{0.0,0.0,0.0}{0.0,0.0,0.0}}
    {
     []
     [
     ]
    }
    {5.00000000000000,{0.0,0.0,1.00000000000000}}
   }
  ]
  [{{0.0,0.0,-10.0000000000000}{100.000000000000,0.0,0.0}}]
  [{1.00000000000000,0.0,0.0,1.00000000000000}{0.0,0.0,1.00000000000000,1.00000000000000}{0.0,0.0,0.0,1.00000000000000}]
  {2.00000000000000,{0.0,0.0,-10.0000000000000}{201.000000000000,200.627604166667,0.62760416666667,0.0,0.0,0.0}}
 }
 {
  1,
  [
   {
    {0.0,0.0,0.25000000000000}
    1.00000000000000,
    "cylinder",
    {0.0}
    {1.00000000000000,0.25000000000000,{0.0,0.0,1.00000000000000}}
    {0.0,0.0,0.0,{0.0,0.0,0.0}{0.0,0.0,0.0}}
    {0.0,0.0,0.0,{0.0,0.0,0.0}{0.0,0.0,0.0}}
    {
     []
     [
     ]
    }
    {0.0,{0.0,0.0,0.0}}
   }
   {
    {0.0,0.0,-0.25000000000000}
    1.00000000000000,
    "cylinder",
    {0.0}
    {1.00000000000000,0.25000000000000,{0.0,0.0,1.00000000000000}}
    {0.0,0.0,0.0,{0.0,0.0,0.0}{0.0,0.0,0.0}}
    {0.0,0.0,0.0,{0.0,0.0,0.0}{0.0,0.0,0.0}}
    {
     []
     [
     ]
    }
    {0.0,{0.0,0.0,0.0}}
   }
  ]
  [{{0.0,0.0,0.0}{0.0,0.0,100.000000000000}}]
  [{1.00000000000000,0.0,0.0,1.00000000000000}{0.0,0.0,1.00000000000000,1.00000000000000}]
  {2.00000000000000,{0.0,0.0,0.0}{0.62760416666667,0.62760416666667,1.00000000000000,0.0,0.0,0.0}}
 }
]
simulation:{
 {100000,100,1.00000000000000e-03}
 {{-15.0000000000000,-15.0000000000000,-15.0000000000000}{15.0000000000000,15.0000000000000,0.0}}
 "4thOrderRungeKutta",
 "false",
 [{0,{0.0,0.0,0.0}{{1.00000000000000,0.0,0.0}{0.0,1.00000000000000,0.0}{0.0,0.0,1.00000000000000}}{1.00000000000000e-01,1.00000000000000e-01,0.0}{"false",{0.0,0.0,1.00000000000000}}}]
 [{1,{0.0,2.00000000000000,-12.0000000000000}{{1.00000000000000,0.0,0.0}{0.0,-1.00000000000000,0.0}{0.0,0.0,-1.00000000000000}}"fixed",{{0.0,0.0,0.0}}{{0.0,0.0,0.0}0.0,0.0,{0.0,0.0,0.0}{0.0,0.0,0.0}}}{1,{-2.00000000000000,-2.00000000000000,-12.0000000000000}{{1.00000000000000,0.0,0.0}{0.0,1.00000000000000,0.0}{0.0,0.0,1.00000000000000}}"fixed",{{0.0,0.0,0.0}}{{0.0,0.0,0.0}0.0,0.0,{0.0,0.0,0.0}{0.0,0.0,0.0}}}{1,{2.00000000000000,-2.00000000000000,-12.0000000000000}{{1.00000000000000,0.0,0.0}{0.0,1.00000000000000,0.0}{0.0,0.0,1.00000000000000}}"fixed",{{0.0,0.0,0.0}}{{0.0,0.0,0.0}0.0,0.0,{0.0,0.0,0.0}{0.0,0.0,0.0}}}]
 {0.0,0.0,-10.0000000000000}
 {"false",{{0.0,0.0,0.0}}{0.0,{0.0,0.0,0.0}{0.0,0.0,0.0}}}
 1.00000000000000e-01,
 {"false",1.00000000000000}
}
\end{data}

\begin{record}{"#0"}
\begin{data}
simulationResult:{
 [
  {
   {{1.00000000000000,0.0,0.0}{0.0,1.00000000000000,0.0}{0.0,0.0,1.00000000000000}}
   {1.00000000000000e-01,1.00000000000000e-01,0.0}
   {20.1000000000000,20.0627604166667,0.0}
   {0.0,0.0,0.0}
   [{{0.0,0.0,-10.0000000000000}{100.000000000000,0.0,0.0}}]
  }
 ]
 [
  {
   {0.0,2.00000000000000,-12.0000000000000}
   {{1.00000000000000,0.0,0.0}{0.0,-1.00000000000000,0.0}{0.0,0.0,-1.00000000000000}}
   [{{0.0,2.00000000000000,-12.0000000000000}{0.0,0.0,-100.000000000000}}]
  }
  {
   {-2.00000000000000,-2.00000000000000,-12.0000000000000}
   {{1.00000000000000,0.0,0.0}{0.0,1.00000000000000,0.0}{0.0,0.0,1.00000000000000}}
   [{{-2.00000000000000,-2.00000000000000,-12.0000000000000}{0.0,0.0,100.000000000000}}]
  }
  {
   {2.00000000000000,-2.00000000000000,-12.0000000000000}
   {{1.00000000000000,0.0,0.0}{0.0,1.00000000000000,0.0}{0.0,0.0,1.00000000000000}}
   [{{2.00000000000000,-2.00000000000000,-12.0000000000000}{0.0,0.0,100.000000000000}}]
  }
 ]
 {0.0,0.0,-10.0000000000000}
 {0.0,0.0,0.0}
 0.0
}
\end{data}
\end{record}

\begin{record}{"#1"}
\begin{data}
simulationResult:{
 [
  {
   {{0.99726813617421,7.31513726079352e-02,-1.02538410942286e-02}{-7.30406641279956e-02,0.99727064584242,1.07851900673727e-02}{1.10148061876727e-02,-1.00067790333880e-02,0.99988926307768}}
   {0.11649301994799,0.10553416523890,1.46802130205423}
   {20.1780008571951,24.1141938187806,0.94052957498235}
   {2.42061024864299,39.7598168245031,9.64690524268695}
   [{{-0.11014806187673,0.10006779033388,-9.99889263077680}{99.7268136174210,7.31513726079349,-1.02538410942286}}]
  }
 ]
 [
  {
   {0.0,2.00000000000000,-12.0000000000000}
   {{1.00000000000000,0.0,0.0}{0.0,-1.00000000000000,0.0}{0.0,0.0,-1.00000000000000}}
   [{{0.0,2.00000000000000,-12.0000000000000}{0.0,0.0,-100.000000000000}}]
  }
  {
   {-2.00000000000000,-2.00000000000000,-12.0000000000000}
   {{1.00000000000000,0.0,0.0}{0.0,1.00000000000000,0.0}{0.0,0.0,1.00000000000000}}
   [{{-2.00000000000000,-2.00000000000000,-12.0000000000000}{0.0,0.0,100.000000000000}}]
  }
  {
   {2.00000000000000,-2.00000000000000,-12.0000000000000}
   {{1.00000000000000,0.0,0.0}{0.0,1.00000000000000,0.0}{0.0,0.0,1.00000000000000}}
   [{{2.00000000000000,-2.00000000000000,-12.0000000000000}{0.0,0.0,100.000000000000}}]
  }
 ]
 {0.0,0.0,-10.0000000000000}
 {0.0,0.0,0.0}
 0.0
}
\end{data}
\end{record}

\begin{record}{"#2"}
\begin{data}
simulationResult:{
 [
  {
   {{0.95707572328129,0.28933032733551,-1.71470577509691e-02}{-0.28884309832325,0.95701752423684,2.62130283373348e-02}{2.39942588260746e-02,-2.01350437674301e-02,0.99950930738832}}
   {0.17295100268927,8.00873367253846e-02,2.92155999727475}
   {20.7227150992106,27.8522565171465,1.89878783785632}
   {8.83735629971923,33.6183821009679,9.24543848323990}
   [{{-0.23994258826074,0.20135043767430,-9.99509307388316}{95.7075723281298,28.9330327335509,-1.71470577509692}}]
  }
 ]
 [
  {
   {0.0,2.00000000000000,-12.0000000000000}
   {{1.00000000000000,0.0,0.0}{0.0,-1.00000000000000,0.0}{0.0,0.0,-1.00000000000000}}
   [{{0.0,2.00000000000000,-12.0000000000000}{0.0,0.0,-100.000000000000}}]
  }
  {
   {-2.00000000000000,-2.00000000000000,-12.0000000000000}
   {{1.00000000000000,0.0,0.0}{0.0,1.00000000000000,0.0}{0.0,0.0,1.00000000000000}}
   [{{-2.00000000000000,-2.00000000000000,-12.0000000000000}{0.0,0.0,100.000000000000}}]
  }
  {
   {2.00000000000000,-2.00000000000000,-12.0000000000000}
   {{1.00000000000000,0.0,0.0}{0.0,1.00000000000000,0.0}{0.0,0.0,1.00000000000000}}
   [{{2.00000000000000,-2.00000000000000,-12.0000000000000}{0.0,0.0,100.000000000000}}]
  }
 ]
 {0.0,0.0,-10.0000000000000}
 {0.0,0.0,0.0}
 0.0
}
\end{data}
\end{record}

\begin{record}{"#3"}
\begin{data}
simulationResult:{
 [
  {
   {{0.79521559596395,0.60620558002772,-1.21223215170892e-02}{-0.60509680619476,0.79471665174980,4.77838734772913e-02}{3.86006615047680e-02,-3.06633033910533e-02,0.99878413621590}}
   {0.26930791806097,2.40573345959522e-02,4.16582095812503}
   {21.8872408002502,30.4425352318465,2.70926982181574}
   {13.2969698321744,15.8053072247382,6.46576767289204}
   [{{-0.38600661504766,0.30663303391055,-9.98784136215899}{79.5215595963957,60.6205580027723,-1.21223215170894}}]
  }
 ]
 [
  {
   {0.0,2.00000000000000,-12.0000000000000}
   {{1.00000000000000,0.0,0.0}{0.0,-1.00000000000000,0.0}{0.0,0.0,-1.00000000000000}}
   [{{0.0,2.00000000000000,-12.0000000000000}{0.0,0.0,-100.000000000000}}]
  }
  {
   {-2.00000000000000,-2.00000000000000,-12.0000000000000}
   {{1.00000000000000,0.0,0.0}{0.0,1.00000000000000,0.0}{0.0,0.0,1.00000000000000}}
   [{{-2.00000000000000,-2.00000000000000,-12.0000000000000}{0.0,0.0,100.000000000000}}]
  }
  {
   {2.00000000000000,-2.00000000000000,-12.0000000000000}
   {{1.00000000000000,0.0,0.0}{0.0,1.00000000000000,0.0}{0.0,0.0,1.00000000000000}}
   [{{2.00000000000000,-2.00000000000000,-12.0000000000000}{0.0,0.0,100.000000000000}}]
  }
 ]
 {0.0,0.0,-10.0000000000000}
 {0.0,0.0,0.0}
 0.0
}
\end{data}
\end{record}

\begin{record}{"#4"}
\begin{data}
simulationResult:{
 [
  {
   {{0.44600580570127,0.89493049011859,1.33506230886832e-02}{-0.89340341446588,0.44424679437598,6.68963729015095e-02}{5.39366322778344e-02,-4.17636629471069e-02,0.99767060503744}}
   {0.37578353053248,-5.02928240980082e-02,4.85180458055390}
   {22.9662846665679,30.5905820259935,3.09802578663314}
   {5.54778259444566,-14.0683429995039,0.98963147923004}
   [{{-0.53936632277835,0.41763662947107,-9.97670605037437}{44.6005805701273,89.4930490118598,1.33506230886833}}]
  }
 ]
 [
  {
   {0.0,2.00000000000000,-12.0000000000000}
   {{1.00000000000000,0.0,0.0}{0.0,-1.00000000000000,0.0}{0.0,0.0,-1.00000000000000}}
   [{{0.0,2.00000000000000,-12.0000000000000}{0.0,0.0,-100.000000000000}}]
  }
  {
   {-2.00000000000000,-2.00000000000000,-12.0000000000000}
   {{1.00000000000000,0.0,0.0}{0.0,1.00000000000000,0.0}{0.0,0.0,1.00000000000000}}
   [{{-2.00000000000000,-2.00000000000000,-12.0000000000000}{0.0,0.0,100.000000000000}}]
  }
  {
   {2.00000000000000,-2.00000000000000,-12.0000000000000}
   {{1.00000000000000,0.0,0.0}{0.0,1.00000000000000,0.0}{0.0,0.0,1.00000000000000}}
   [{{2.00000000000000,-2.00000000000000,-12.0000000000000}{0.0,0.0,100.000000000000}}]
  }
 ]
 {0.0,0.0,-10.0000000000000}
 {0.0,0.0,0.0}
 0.0
}
\end{data}
\end{record}

\begin{record}{"#5"}
\begin{data}
simulationResult:{
 [
  {
   {{-2.27628349168504e-02,0.99824196509509,5.47250625367513e-02}{-0.99738601891655,-2.64300662058973e-02,6.72501365809229e-02}{6.85782955194216e-02,-5.30512085013624e-02,0.99623420271551}}
   {0.43500352575372,-0.11196848443375,4.70522973833435}
   {22.4896290297001,27.7016919205158,2.90259025289763}
   {-16.7499164328881,-41.7243756726330,-4.60399005440602}
   [{{-0.68578295519421,0.53051208501358,-9.96234202715506}{-2.27628349168501,99.8241965095075,5.47250625367507}}]
  }
 ]
 [
  {
   {0.0,2.00000000000000,-12.0000000000000}
   {{1.00000000000000,0.0,0.0}{0.0,-1.00000000000000,0.0}{0.0,0.0,-1.00000000000000}}
   [{{0.0,2.00000000000000,-12.0000000000000}{0.0,0.0,-100.000000000000}}]
  }
  {
   {-2.00000000000000,-2.00000000000000,-12.0000000000000}
   {{1.00000000000000,0.0,0.0}{0.0,1.00000000000000,0.0}{0.0,0.0,1.00000000000000}}
   [{{-2.00000000000000,-2.00000000000000,-12.0000000000000}{0.0,0.0,100.000000000000}}]
  }
  {
   {2.00000000000000,-2.00000000000000,-12.0000000000000}
   {{1.00000000000000,0.0,0.0}{0.0,1.00000000000000,0.0}{0.0,0.0,1.00000000000000}}
   [{{2.00000000000000,-2.00000000000000,-12.0000000000000}{0.0,0.0,100.000000000000}}]
  }
 ]
 {0.0,0.0,-10.0000000000000}
 {0.0,0.0,0.0}
 0.0
}
\end{data}
\end{record}

\begin{record}{"#6"}
\begin{data}
simulationResult:{
 [
  {
   {{-0.43776120991282,0.89428643457409,9.28272375567715e-02}{-0.89541548482333,-0.44296805250768,4.48376403945988e-02}{8.12171942033924e-02,-6.34907662129314e-02,0.99467215200358}}
   {0.40773287592944,-0.12879835350516,3.80999601861990}
   {19.5642474952709,22.8259663755566,2.27675992538287}
   {-40.7149609872025,-52.7072902704409,-7.34441782502649}
   [{{-0.81217194203392,0.63490766212930,-9.94672152003576}{-43.7761209912813,89.4286434574084,9.28272375567706}}]
  }
 ]
 [
  {
   {0.0,2.00000000000000,-12.0000000000000}
   {{1.00000000000000,0.0,0.0}{0.0,-1.00000000000000,0.0}{0.0,0.0,-1.00000000000000}}
   [{{0.0,2.00000000000000,-12.0000000000000}{0.0,0.0,-100.000000000000}}]
  }
  {
   {-2.00000000000000,-2.00000000000000,-12.0000000000000}
   {{1.00000000000000,0.0,0.0}{0.0,1.00000000000000,0.0}{0.0,0.0,1.00000000000000}}
   [{{-2.00000000000000,-2.00000000000000,-12.0000000000000}{0.0,0.0,100.000000000000}}]
  }
  {
   {2.00000000000000,-2.00000000000000,-12.0000000000000}
   {{1.00000000000000,0.0,0.0}{0.0,1.00000000000000,0.0}{0.0,0.0,1.00000000000000}}
   [{{2.00000000000000,-2.00000000000000,-12.0000000000000}{0.0,0.0,100.000000000000}}]
  }
 ]
 {0.0,0.0,-10.0000000000000}
 {0.0,0.0,0.0}
 0.0
}
\end{data}
\end{record}

\begin{record}{"#7"}
\begin{data}
simulationResult:{
 [
  {
   {{-0.69609693559574,0.70862642548834,0.11531541680897}{-0.71212068513181,-0.70190524732543,1.45997802871759e-02}{9.12862862735490e-02,-7.19556313059873e-02,0.99322162736307}}
   {0.30361454397005,-9.37029321004226e-02,2.51439007940172}
   {14.6864819370180,17.6393493647038,1.52790413562143}
   {-54.9876927587295,-49.5687018943707,-7.31468043275179}
   [{{-0.91286286273549,0.71955631305987,-9.93221627363068}{-69.6096935595743,70.8626425488344,11.5315416808966}}]
  }
 ]
 [
  {
   {0.0,2.00000000000000,-12.0000000000000}
   {{1.00000000000000,0.0,0.0}{0.0,-1.00000000000000,0.0}{0.0,0.0,-1.00000000000000}}
   [{{0.0,2.00000000000000,-12.0000000000000}{0.0,0.0,-100.000000000000}}]
  }
  {
   {-2.00000000000000,-2.00000000000000,-12.0000000000000}
   {{1.00000000000000,0.0,0.0}{0.0,1.00000000000000,0.0}{0.0,0.0,1.00000000000000}}
   [{{-2.00000000000000,-2.00000000000000,-12.0000000000000}{0.0,0.0,100.000000000000}}]
  }
  {
   {2.00000000000000,-2.00000000000000,-12.0000000000000}
   {{1.00000000000000,0.0,0.0}{0.0,1.00000000000000,0.0}{0.0,0.0,1.00000000000000}}
   [{{2.00000000000000,-2.00000000000000,-12.0000000000000}{0.0,0.0,100.000000000000}}]
  }
 ]
 {0.0,0.0,-10.0000000000000}
 {0.0,0.0,0.0}
 0.0
}
\end{data}
\end{record}

\begin{record}{"#8"}
\begin{data}
simulationResult:{
 [
  {
   {{-0.81305262236012,0.56848106167228,0.12559743545665}{-0.57373049666961,-0.81901424770975,-6.99851696205571e-03}{9.88875647620789e-02,-7.77492415936025e-02,0.99205660371122}}
   {0.15472163633902,-2.19694898424533e-02,1.11296270595173}
   {8.86781104686027,13.0260351867793,0.84619574493542}
   {-60.3496180015211,-42.8261497635185,-6.28427566806709}
   [{{-0.98887564762079,0.77749241593603,-9.92056603711222}{-81.3052622360121,56.8481061672285,12.5597435456647}}]
  }
 ]
 [
  {
   {0.0,2.00000000000000,-12.0000000000000}
   {{1.00000000000000,0.0,0.0}{0.0,-1.00000000000000,0.0}{0.0,0.0,-1.00000000000000}}
   [{{0.0,2.00000000000000,-12.0000000000000}{0.0,0.0,-100.000000000000}}]
  }
  {
   {-2.00000000000000,-2.00000000000000,-12.0000000000000}
   {{1.00000000000000,0.0,0.0}{0.0,1.00000000000000,0.0}{0.0,0.0,1.00000000000000}}
   [{{-2.00000000000000,-2.00000000000000,-12.0000000000000}{0.0,0.0,100.000000000000}}]
  }
  {
   {2.00000000000000,-2.00000000000000,-12.0000000000000}
   {{1.00000000000000,0.0,0.0}{0.0,1.00000000000000,0.0}{0.0,0.0,1.00000000000000}}
   [{{2.00000000000000,-2.00000000000000,-12.0000000000000}{0.0,0.0,100.000000000000}}]
  }
 ]
 {0.0,0.0,-10.0000000000000}
 {0.0,0.0,0.0}
 0.0
}
\end{data}
\end{record}

\begin{record}{"#9"}
\begin{data}
simulationResult:{
 [
  {
   {{-0.83569787019956,0.53325978812820,0.13131286345740}{-0.53918880696322,-0.84210335168361,-1.17207307283716e-02}{0.10432880805173,-8.05974158934043e-02,0.99127168645221}}
   {-1.55250591692706e-02,6.72457857060808e-02,-0.27609479057703}
   {2.73886029382269,8.96872505465882,0.26322770385270}
   {-61.9260818793966,-39.0878345430179,-5.45852236326633}
   [{{-1.04328808051733,0.80597415893404,-9.91271686452211}{-83.5697870199564,53.3259788128202,13.1312863457404}}]
  }
 ]
 [
  {
   {0.0,2.00000000000000,-12.0000000000000}
   {{1.00000000000000,0.0,0.0}{0.0,-1.00000000000000,0.0}{0.0,0.0,-1.00000000000000}}
   [{{0.0,2.00000000000000,-12.0000000000000}{0.0,0.0,-100.000000000000}}]
  }
  {
   {-2.00000000000000,-2.00000000000000,-12.0000000000000}
   {{1.00000000000000,0.0,0.0}{0.0,1.00000000000000,0.0}{0.0,0.0,1.00000000000000}}
   [{{-2.00000000000000,-2.00000000000000,-12.0000000000000}{0.0,0.0,100.000000000000}}]
  }
  {
   {2.00000000000000,-2.00000000000000,-12.0000000000000}
   {{1.00000000000000,0.0,0.0}{0.0,1.00000000000000,0.0}{0.0,0.0,1.00000000000000}}
   [{{2.00000000000000,-2.00000000000000,-12.0000000000000}{0.0,0.0,100.000000000000}}]
  }
 ]
 {0.0,0.0,-10.0000000000000}
 {0.0,0.0,0.0}
 0.0
}
\end{data}
\end{record}

\begin{record}{"#10"}
\begin{data}
simulationResult:{
 [
  {
   {{-0.77913817869150,0.61226504606664,0.13444408454936}{-0.61751492466639,-0.78655207699813,3.33885971393492e-03}{0.10779154103897,-8.04197956659158e-02,0.99091555651604}}
   {-0.19566906719401,0.15817191414239,-1.64121619292083}
   {-3.47558576705542,5.03890870443529,-0.26443261893259}
   {-62.1013107569053,-40.3615691805786,-5.18406475948693}
   [{{-1.07791541038970,0.80419795665916,-9.90915556516042}{-77.9138178691500,61.2265046066639,13.4444084549356}}]
  }
 ]
 [
  {
   {0.0,2.00000000000000,-12.0000000000000}
   {{1.00000000000000,0.0,0.0}{0.0,-1.00000000000000,0.0}{0.0,0.0,-1.00000000000000}}
   [{{0.0,2.00000000000000,-12.0000000000000}{0.0,0.0,-100.000000000000}}]
  }
  {
   {-2.00000000000000,-2.00000000000000,-12.0000000000000}
   {{1.00000000000000,0.0,0.0}{0.0,1.00000000000000,0.0}{0.0,0.0,1.00000000000000}}
   [{{-2.00000000000000,-2.00000000000000,-12.0000000000000}{0.0,0.0,100.000000000000}}]
  }
  {
   {2.00000000000000,-2.00000000000000,-12.0000000000000}
   {{1.00000000000000,0.0,0.0}{0.0,1.00000000000000,0.0}{0.0,0.0,1.00000000000000}}
   [{{2.00000000000000,-2.00000000000000,-12.0000000000000}{0.0,0.0,100.000000000000}}]
  }
 ]
 {0.0,0.0,-10.0000000000000}
 {0.0,0.0,0.0}
 0.0
}
\end{data}
\end{record}

\begin{record}{"#11"}
\begin{data}
simulationResult:{
 [
  {
   {{-0.61521155001162,0.77783417332904,0.12840851815136}{-0.78075983404502,-0.62370793671627,3.74498493872692e-02}{0.10921918455242,-7.72166334325802e-02,0.99101400658469}}
   {-0.37430538872595,0.23458014795504,-2.96737325243511}
   {-9.57822804687006,0.74703930879447,-0.78587805166768}
   {-59.0732216577880,-46.0209941024254,-5.26190831858553}
   [{{-1.09219184552423,0.77216633432580,-9.91014006584691}{-61.5211550011625,77.7834173329044,12.8408518151363}}]
  }
 ]
 [
  {
   {0.0,2.00000000000000,-12.0000000000000}
   {{1.00000000000000,0.0,0.0}{0.0,-1.00000000000000,0.0}{0.0,0.0,-1.00000000000000}}
   [{{0.0,2.00000000000000,-12.0000000000000}{0.0,0.0,-100.000000000000}}]
  }
  {
   {-2.00000000000000,-2.00000000000000,-12.0000000000000}
   {{1.00000000000000,0.0,0.0}{0.0,1.00000000000000,0.0}{0.0,0.0,1.00000000000000}}
   [{{-2.00000000000000,-2.00000000000000,-12.0000000000000}{0.0,0.0,100.000000000000}}]
  }
  {
   {2.00000000000000,-2.00000000000000,-12.0000000000000}
   {{1.00000000000000,0.0,0.0}{0.0,1.00000000000000,0.0}{0.0,0.0,1.00000000000000}}
   [{{2.00000000000000,-2.00000000000000,-12.0000000000000}{0.0,0.0,100.000000000000}}]
  }
 ]
 {0.0,0.0,-10.0000000000000}
 {0.0,0.0,0.0}
 0.0
}
\end{data}
\end{record}

\begin{record}{"#12"}
\begin{data}
simulationResult:{
 [
  {
   {{-0.30018068438332,0.94853439114433,0.10086657295464}{-0.94770847545843,-0.30857717306415,8.14172819983468e-02}{0.10835221394794,-7.11522106486628e-02,0.99156298874675}}
   {-0.52663803652490,0.27572441020964,-4.14042716143174}
   {-15.0287631023270,-4.19557041294863,-1.30589272332077}
   {-48.2615145304632,-52.4435243558267,-4.99588845424320}
   [{{-1.08352213947939,0.71152210648664,-9.91562988746750}{-30.0180684383324,94.8534391144342,10.0866572954639}}]
  }
 ]
 [
  {
   {0.0,2.00000000000000,-12.0000000000000}
   {{1.00000000000000,0.0,0.0}{0.0,-1.00000000000000,0.0}{0.0,0.0,-1.00000000000000}}
   [{{0.0,2.00000000000000,-12.0000000000000}{0.0,0.0,-100.000000000000}}]
  }
  {
   {-2.00000000000000,-2.00000000000000,-12.0000000000000}
   {{1.00000000000000,0.0,0.0}{0.0,1.00000000000000,0.0}{0.0,0.0,1.00000000000000}}
   [{{-2.00000000000000,-2.00000000000000,-12.0000000000000}{0.0,0.0,100.000000000000}}]
  }
  {
   {2.00000000000000,-2.00000000000000,-12.0000000000000}
   {{1.00000000000000,0.0,0.0}{0.0,1.00000000000000,0.0}{0.0,0.0,1.00000000000000}}
   [{{2.00000000000000,-2.00000000000000,-12.0000000000000}{0.0,0.0,100.000000000000}}]
  }
 ]
 {0.0,0.0,-10.0000000000000}
 {0.0,0.0,0.0}
 0.0
}
\end{data}
\end{record}

\begin{record}{"#13"}
\begin{data}
simulationResult:{
 [
  {
   {{0.15236158006290,0.98723854687332,4.63249445567384e-02}{-0.98274057460444,0.14635855765564,0.11313768438103}{0.10491383105614,-6.27632389891591e-02,0.99249879792608}}
   {-0.61206560989193,0.26248597610382,-4.90860671427587}
   {-18.8841243024250,-9.52735413371560,-1.73799268294997}
   {-27.4026490090316,-52.4640830194556,-3.33787758839042}
   [{{-1.04913831056137,0.62763238989163,-9.92498797926078}{15.2361580062902,98.7238546873331,4.63249445567388}}]
  }
 ]
 [
  {
   {0.0,2.00000000000000,-12.0000000000000}
   {{1.00000000000000,0.0,0.0}{0.0,-1.00000000000000,0.0}{0.0,0.0,-1.00000000000000}}
   [{{0.0,2.00000000000000,-12.0000000000000}{0.0,0.0,-100.000000000000}}]
  }
  {
   {-2.00000000000000,-2.00000000000000,-12.0000000000000}
   {{1.00000000000000,0.0,0.0}{0.0,1.00000000000000,0.0}{0.0,0.0,1.00000000000000}}
   [{{-2.00000000000000,-2.00000000000000,-12.0000000000000}{0.0,0.0,100.000000000000}}]
  }
  {
   {2.00000000000000,-2.00000000000000,-12.0000000000000}
   {{1.00000000000000,0.0,0.0}{0.0,1.00000000000000,0.0}{0.0,0.0,1.00000000000000}}
   [{{2.00000000000000,-2.00000000000000,-12.0000000000000}{0.0,0.0,100.000000000000}}]
  }
 ]
 {0.0,0.0,-10.0000000000000}
 {0.0,0.0,0.0}
 0.0
}
\end{data}
\end{record}

\begin{record}{"#14"}
\begin{data}
simulationResult:{
 [
  {
   {{0.60901286045440,0.79294904893295,-1.83068729573243e-02}{-0.78696588459432,0.60697457640285,0.11075450367934}{9.89344848161073e-02,-5.30440326229461e-02,0.99367917272994}}
   {-0.59793982179130,0.19518620904055,-4.99585422375852}
   {-20.3869605692610,-14.2775481468700,-1.91167410997356}
   {-3.10161124786437,-40.5453677171114,0.10789535024653}
   [{{-0.98934484816106,0.53044032622947,-9.93679172729944}{60.9012860454395,79.2949048932948,-1.83068729573242}}]
  }
 ]
 [
  {
   {0.0,2.00000000000000,-12.0000000000000}
   {{1.00000000000000,0.0,0.0}{0.0,-1.00000000000000,0.0}{0.0,0.0,-1.00000000000000}}
   [{{0.0,2.00000000000000,-12.0000000000000}{0.0,0.0,-100.000000000000}}]
  }
  {
   {-2.00000000000000,-2.00000000000000,-12.0000000000000}
   {{1.00000000000000,0.0,0.0}{0.0,1.00000000000000,0.0}{0.0,0.0,1.00000000000000}}
   [{{-2.00000000000000,-2.00000000000000,-12.0000000000000}{0.0,0.0,100.000000000000}}]
  }
  {
   {2.00000000000000,-2.00000000000000,-12.0000000000000}
   {{1.00000000000000,0.0,0.0}{0.0,1.00000000000000,0.0}{0.0,0.0,1.00000000000000}}
   [{{2.00000000000000,-2.00000000000000,-12.0000000000000}{0.0,0.0,100.000000000000}}]
  }
 ]
 {0.0,0.0,-10.0000000000000}
 {0.0,0.0,0.0}
 0.0
}
\end{data}
\end{record}

\begin{record}{"#15"}
\begin{data}
simulationResult:{
 [
  {
   {{0.90203986938156,0.42688432709403,-6.39831644072515e-02}{-0.42195565042461,0.90327727042381,7.77406059305528e-02}{9.09807843494067e-02,-4.31270682655530e-02,0.99491836492347}}
   {-0.49433407745070,0.10121255425105,-4.33789533824617}
   {-19.7893898852067,-17.3654465023765,-1.69670106038435}
   {12.9759471831000,-20.7277245579773,4.12771229212111}
   [{{-0.90980784349409,0.43127068265552,-9.94918364923468}{90.2039869381553,42.6884327094026,-6.39831644072507}}]
  }
 ]
 [
  {
   {0.0,2.00000000000000,-12.0000000000000}
   {{1.00000000000000,0.0,0.0}{0.0,-1.00000000000000,0.0}{0.0,0.0,-1.00000000000000}}
   [{{0.0,2.00000000000000,-12.0000000000000}{0.0,0.0,-100.000000000000}}]
  }
  {
   {-2.00000000000000,-2.00000000000000,-12.0000000000000}
   {{1.00000000000000,0.0,0.0}{0.0,1.00000000000000,0.0}{0.0,0.0,1.00000000000000}}
   [{{-2.00000000000000,-2.00000000000000,-12.0000000000000}{0.0,0.0,100.000000000000}}]
  }
  {
   {2.00000000000000,-2.00000000000000,-12.0000000000000}
   {{1.00000000000000,0.0,0.0}{0.0,1.00000000000000,0.0}{0.0,0.0,1.00000000000000}}
   [{{2.00000000000000,-2.00000000000000,-12.0000000000000}{0.0,0.0,100.000000000000}}]
  }
 ]
 {0.0,0.0,-10.0000000000000}
 {0.0,0.0,0.0}
 0.0
}
\end{data}
\end{record}

\begin{record}{"#16"}
\begin{data}
simulationResult:{
 [
  {
   {{0.99492151885080,6.13256387640108e-02,-7.98143931744712e-02}{-5.83890991159024e-02,0.99754651039601,3.86221788767249e-02}{8.19870991806416e-02,-3.37657463554186e-02,0.99606123804764}}
   {-0.34951212824028,1.44630335031126e-02,-3.15112186575371}
   {-18.2124717003043,-18.4934858764091,-1.12384366985832}
   {16.7803525462078,-2.79680318776389,7.06866502816058}
   [{{-0.81987099180643,0.33765746355418,-9.96061238047644}{99.4921518850789,6.13256387640104,-7.98143931744706}}]
  }
 ]
 [
  {
   {0.0,2.00000000000000,-12.0000000000000}
   {{1.00000000000000,0.0,0.0}{0.0,-1.00000000000000,0.0}{0.0,0.0,-1.00000000000000}}
   [{{0.0,2.00000000000000,-12.0000000000000}{0.0,0.0,-100.000000000000}}]
  }
  {
   {-2.00000000000000,-2.00000000000000,-12.0000000000000}
   {{1.00000000000000,0.0,0.0}{0.0,1.00000000000000,0.0}{0.0,0.0,1.00000000000000}}
   [{{-2.00000000000000,-2.00000000000000,-12.0000000000000}{0.0,0.0,100.000000000000}}]
  }
  {
   {2.00000000000000,-2.00000000000000,-12.0000000000000}
   {{1.00000000000000,0.0,0.0}{0.0,1.00000000000000,0.0}{0.0,0.0,1.00000000000000}}
   [{{2.00000000000000,-2.00000000000000,-12.0000000000000}{0.0,0.0,100.000000000000}}]
  }
 ]
 {0.0,0.0,-10.0000000000000}
 {0.0,0.0,0.0}
 0.0
}
\end{data}
\end{record}

\begin{record}{"#17"}
\begin{data}
simulationResult:{
 [
  {
   {{0.97996695100306,-0.18399674066374,-7.62231878557545e-02}{0.18536748708655,0.98260480801993,1.12554869883043e-02}{7.28262979492392e-02,-2.51593060565302e-02,0.99702725120518}}
   {-0.20916856216525,-4.69316038362935e-02,-1.72904186857808}
   {-16.6747919237469,-18.1564959567622,-0.33418212718269}
   {13.3435571136834,8.41514578972574,8.50809298039805}
   [{{-0.72826297949239,0.25159306056530,-9.97027251205183}{97.9966951003055,-18.3996740663738,-7.62231878557543}}]
  }
 ]
 [
  {
   {0.0,2.00000000000000,-12.0000000000000}
   {{1.00000000000000,0.0,0.0}{0.0,-1.00000000000000,0.0}{0.0,0.0,-1.00000000000000}}
   [{{0.0,2.00000000000000,-12.0000000000000}{0.0,0.0,-100.000000000000}}]
  }
  {
   {-2.00000000000000,-2.00000000000000,-12.0000000000000}
   {{1.00000000000000,0.0,0.0}{0.0,1.00000000000000,0.0}{0.0,0.0,1.00000000000000}}
   [{{-2.00000000000000,-2.00000000000000,-12.0000000000000}{0.0,0.0,100.000000000000}}]
  }
  {
   {2.00000000000000,-2.00000000000000,-12.0000000000000}
   {{1.00000000000000,0.0,0.0}{0.0,1.00000000000000,0.0}{0.0,0.0,1.00000000000000}}
   [{{2.00000000000000,-2.00000000000000,-12.0000000000000}{0.0,0.0,100.000000000000}}]
  }
 ]
 {0.0,0.0,-10.0000000000000}
 {0.0,0.0,0.0}
 0.0
}
\end{data}
\end{record}

\begin{record}{"#18"}
\begin{data}
simulationResult:{
 [
  {
   {{0.95735383722004,-0.28120664104000,-6.63057719589187e-02}{0.28172578642883,0.95949366156468,-1.57945504907891e-03}{6.40641211687610e-02,-1.71679483979446e-02,0.99779810078326}}
   {-9.39683425225806e-02,-8.03058991864816e-02,-0.25279026201524}
   {-15.5793954581169,-16.9882827330108,0.54641367275020}
   {8.72620505711475,14.3280845748517,9.00250013495947}
   [{{-0.64064121168761,0.17167948397945,-9.97798100783260}{95.7353837220039,-28.1206641040000,-6.63057719589187}}]
  }
 ]
 [
  {
   {0.0,2.00000000000000,-12.0000000000000}
   {{1.00000000000000,0.0,0.0}{0.0,-1.00000000000000,0.0}{0.0,0.0,-1.00000000000000}}
   [{{0.0,2.00000000000000,-12.0000000000000}{0.0,0.0,-100.000000000000}}]
  }
  {
   {-2.00000000000000,-2.00000000000000,-12.0000000000000}
   {{1.00000000000000,0.0,0.0}{0.0,1.00000000000000,0.0}{0.0,0.0,1.00000000000000}}
   [{{-2.00000000000000,-2.00000000000000,-12.0000000000000}{0.0,0.0,100.000000000000}}]
  }
  {
   {2.00000000000000,-2.00000000000000,-12.0000000000000}
   {{1.00000000000000,0.0,0.0}{0.0,1.00000000000000,0.0}{0.0,0.0,1.00000000000000}}
   [{{2.00000000000000,-2.00000000000000,-12.0000000000000}{0.0,0.0,100.000000000000}}]
  }
 ]
 {0.0,0.0,-10.0000000000000}
 {0.0,0.0,0.0}
 0.0
}
\end{data}
\end{record}

\begin{record}{"#19"}
\begin{data}
simulationResult:{
 [
  {
   {{0.97040498878836,-0.23473491669267,-5.66892989897135e-02}{0.23489918182503,0.97201214316757,-3.84290420368658e-03}{5.60047508037689e-02,-9.58709654022477e-03,0.99838447276955}}
   {-5.82483264550090e-03,-8.82918936003152e-02,1.22176821088322}
   {-14.8568881922058,-15.3691993528888,1.45293213695983}
   {6.22643079069866,17.8279929163035,9.07611226738411}
   [{{-0.56004750803769,9.58709654022478e-02,-9.98384472769552}{97.0404988788363,-23.4734916692668,-5.66892989897136}}]
  }
 ]
 [
  {
   {0.0,2.00000000000000,-12.0000000000000}
   {{1.00000000000000,0.0,0.0}{0.0,-1.00000000000000,0.0}{0.0,0.0,-1.00000000000000}}
   [{{0.0,2.00000000000000,-12.0000000000000}{0.0,0.0,-100.000000000000}}]
  }
  {
   {-2.00000000000000,-2.00000000000000,-12.0000000000000}
   {{1.00000000000000,0.0,0.0}{0.0,1.00000000000000,0.0}{0.0,0.0,1.00000000000000}}
   [{{-2.00000000000000,-2.00000000000000,-12.0000000000000}{0.0,0.0,100.000000000000}}]
  }
  {
   {2.00000000000000,-2.00000000000000,-12.0000000000000}
   {{1.00000000000000,0.0,0.0}{0.0,1.00000000000000,0.0}{0.0,0.0,1.00000000000000}}
   [{{2.00000000000000,-2.00000000000000,-12.0000000000000}{0.0,0.0,100.000000000000}}]
  }
 ]
 {0.0,0.0,-10.0000000000000}
 {0.0,0.0,0.0}
 0.0
}
\end{data}
\end{record}

\begin{record}{"#20"}
\begin{data}
simulationResult:{
 [
  {
   {{0.99793512690851,-4.16703026933809e-02,-4.88780968895296e-02}{4.17333624121815e-02,0.99912874727392,2.69875207834537e-04}{4.88242659327690e-02,-2.30916528128828e-03,0.99880471505286}}
   {5.97320922827343e-02,-7.32598231566025e-02,2.68069510974595}
   {-14.2169355745413,-13.4589030931462,2.34820033526623}
   {7.21813344403759,20.1507399044166,8.72718593527464}
   [{{-0.48824265932770,2.30916528128831e-02,-9.98804715052863}{99.7935126908511,-4.16703026933810,-4.88780968895298}}]
  }
 ]
 [
  {
   {0.0,2.00000000000000,-12.0000000000000}
   {{1.00000000000000,0.0,0.0}{0.0,-1.00000000000000,0.0}{0.0,0.0,-1.00000000000000}}
   [{{0.0,2.00000000000000,-12.0000000000000}{0.0,0.0,-100.000000000000}}]
  }
  {
   {-2.00000000000000,-2.00000000000000,-12.0000000000000}
   {{1.00000000000000,0.0,0.0}{0.0,1.00000000000000,0.0}{0.0,0.0,1.00000000000000}}
   [{{-2.00000000000000,-2.00000000000000,-12.0000000000000}{0.0,0.0,100.000000000000}}]
  }
  {
   {2.00000000000000,-2.00000000000000,-12.0000000000000}
   {{1.00000000000000,0.0,0.0}{0.0,1.00000000000000,0.0}{0.0,0.0,1.00000000000000}}
   [{{2.00000000000000,-2.00000000000000,-12.0000000000000}{0.0,0.0,100.000000000000}}]
  }
 ]
 {0.0,0.0,-10.0000000000000}
 {0.0,0.0,0.0}
 0.0
}
\end{data}
\end{record}

\begin{record}{"#21"}
\begin{data}
simulationResult:{
 [
  {
   {{0.95546549506581,0.29208202313744,-4.21162616881541e-02}{-0.29200737948845,0.95638218091916,8.05073565573004e-03}{4.26307173635492e-02,4.60605908046173e-03,0.99908028013609}}
   {0.10626209362185,-3.82633324587888e-02,4.05415554977311}
   {-13.2811367410642,-11.4207368274893,3.16649849672444}
   {12.1236246437648,19.9464838742195,7.41592090810534}
   [{{-0.42630717363550,-4.60605908046202e-02,-9.99080280136095}{95.5465495065818,29.2082023137441,-4.21162616881544}}]
  }
 ]
 [
  {
   {0.0,2.00000000000000,-12.0000000000000}
   {{1.00000000000000,0.0,0.0}{0.0,-1.00000000000000,0.0}{0.0,0.0,-1.00000000000000}}
   [{{0.0,2.00000000000000,-12.0000000000000}{0.0,0.0,-100.000000000000}}]
  }
  {
   {-2.00000000000000,-2.00000000000000,-12.0000000000000}
   {{1.00000000000000,0.0,0.0}{0.0,1.00000000000000,0.0}{0.0,0.0,1.00000000000000}}
   [{{-2.00000000000000,-2.00000000000000,-12.0000000000000}{0.0,0.0,100.000000000000}}]
  }
  {
   {2.00000000000000,-2.00000000000000,-12.0000000000000}
   {{1.00000000000000,0.0,0.0}{0.0,1.00000000000000,0.0}{0.0,0.0,1.00000000000000}}
   [{{2.00000000000000,-2.00000000000000,-12.0000000000000}{0.0,0.0,100.000000000000}}]
  }
 ]
 {0.0,0.0,-10.0000000000000}
 {0.0,0.0,0.0}
 0.0
}
\end{data}
\end{record}

\begin{record}{"#22"}
\begin{data}
simulationResult:{
 [
  {
   {{0.72398399393798,0.68894738288956,-3.46219602454639e-02}{-0.68880223782101,0.72472917104657,1.78635328790225e-02}{3.73985787748665e-02,1.09147718152285e-02,0.99924081885291}}
   {0.13373483961301,7.94595556552083e-03,5.14722256182646}
   {-11.6981575610814,-9.66402673793251,3.77700178499203}
   {19.7463234880472,13.9506632546594,4.50289637384035}
   [{{-0.37398578774866,-0.10914771815228,-9.99240818852913}{72.3983993937986,68.8947382889567,-3.46219602454643}}]
  }
 ]
 [
  {
   {0.0,2.00000000000000,-12.0000000000000}
   {{1.00000000000000,0.0,0.0}{0.0,-1.00000000000000,0.0}{0.0,0.0,-1.00000000000000}}
   [{{0.0,2.00000000000000,-12.0000000000000}{0.0,0.0,-100.000000000000}}]
  }
  {
   {-2.00000000000000,-2.00000000000000,-12.0000000000000}
   {{1.00000000000000,0.0,0.0}{0.0,1.00000000000000,0.0}{0.0,0.0,1.00000000000000}}
   [{{-2.00000000000000,-2.00000000000000,-12.0000000000000}{0.0,0.0,100.000000000000}}]
  }
  {
   {2.00000000000000,-2.00000000000000,-12.0000000000000}
   {{1.00000000000000,0.0,0.0}{0.0,1.00000000000000,0.0}{0.0,0.0,1.00000000000000}}
   [{{2.00000000000000,-2.00000000000000,-12.0000000000000}{0.0,0.0,100.000000000000}}]
  }
 ]
 {0.0,0.0,-10.0000000000000}
 {0.0,0.0,0.0}
 0.0
}
\end{data}
\end{record}

\begin{record}{"#23"}
\begin{data}
simulationResult:{
 [
  {
   {{0.25978266188581,0.96536308442577,-2.42298124526582e-02}{-0.96510929685728,0.26040357661631,2.74594684047300e-02}{3.28178869392967e-02,1.62509234630187e-02,0.99932922192010}}
   {0.13913297575941,4.77969518247267e-02,5.67797332817835}
   {-9.36932008184654,-8.88993705936894,4.01912946622984}
   {26.2092473580096,0.39129349055565,0.20456500749276}
   [{{-0.32817886939296,-0.16250923463017,-9.99329221920102}{25.9782661885813,96.5363084425769,-2.42298124526582}}]
  }
 ]
 [
  {
   {0.0,2.00000000000000,-12.0000000000000}
   {{1.00000000000000,0.0,0.0}{0.0,-1.00000000000000,0.0}{0.0,0.0,-1.00000000000000}}
   [{{0.0,2.00000000000000,-12.0000000000000}{0.0,0.0,-100.000000000000}}]
  }
  {
   {-2.00000000000000,-2.00000000000000,-12.0000000000000}
   {{1.00000000000000,0.0,0.0}{0.0,1.00000000000000,0.0}{0.0,0.0,1.00000000000000}}
   [{{-2.00000000000000,-2.00000000000000,-12.0000000000000}{0.0,0.0,100.000000000000}}]
  }
  {
   {2.00000000000000,-2.00000000000000,-12.0000000000000}
   {{1.00000000000000,0.0,0.0}{0.0,1.00000000000000,0.0}{0.0,0.0,1.00000000000000}}
   [{{2.00000000000000,-2.00000000000000,-12.0000000000000}{0.0,0.0,100.000000000000}}]
  }
 ]
 {0.0,0.0,-10.0000000000000}
 {0.0,0.0,0.0}
 0.0
}
\end{data}
\end{record}

\begin{record}{"#24"}
\begin{data}
simulationResult:{
 [
  {
   {{-0.29633617076047,0.95501997739800,-1.10325278037604e-02}{-0.95466645476791,-0.29584553846413,3.29754076811829e-02}{2.82282489696492e-02,2.03041902470515e-02,0.99939527006011}}
   {0.12084841632868,6.24053425012304e-02,5.47156008676930}
   {-6.64867959396577,-9.71745580721965,3.82213049447290}
   {27.0574965369983,-16.9834495093973,-3.96774922859515}
   [{{-0.28228248969649,-0.20304190247050,-9.99395270060109}{-29.6336170760469,95.5019977397995,-1.10325278037603}}]
  }
 ]
 [
  {
   {0.0,2.00000000000000,-12.0000000000000}
   {{1.00000000000000,0.0,0.0}{0.0,-1.00000000000000,0.0}{0.0,0.0,-1.00000000000000}}
   [{{0.0,2.00000000000000,-12.0000000000000}{0.0,0.0,-100.000000000000}}]
  }
  {
   {-2.00000000000000,-2.00000000000000,-12.0000000000000}
   {{1.00000000000000,0.0,0.0}{0.0,1.00000000000000,0.0}{0.0,0.0,1.00000000000000}}
   [{{-2.00000000000000,-2.00000000000000,-12.0000000000000}{0.0,0.0,100.000000000000}}]
  }
  {
   {2.00000000000000,-2.00000000000000,-12.0000000000000}
   {{1.00000000000000,0.0,0.0}{0.0,1.00000000000000,0.0}{0.0,0.0,1.00000000000000}}
   [{{2.00000000000000,-2.00000000000000,-12.0000000000000}{0.0,0.0,100.000000000000}}]
  }
 ]
 {0.0,0.0,-10.0000000000000}
 {0.0,0.0,0.0}
 0.0
}
\end{data}
\end{record}

\begin{record}{"#25"}
\begin{data}
simulationResult:{
 [
  {
   {{-0.72431490029314,0.68946900959558,6.40328532541355e-04}{-0.68909219748988,-0.72394913245471,3.23974841097066e-02}{2.28006265681271e-02,2.30247350770665e-02,0.99947485861463}}
   {8.43643815663394e-02,4.55561957569638e-02,4.62661153911417}
   {-4.16736905496577,-12.1748345675811,3.28108537733647}
   {21.7758052997452,-31.1472560040795,-6.53253311832471}
   [{{-0.22800626568128,-0.23024735077066,-9.99474858614628}{-72.4314900293139,68.9469009595571,6.40328532541354e-02}}]
  }
 ]
 [
  {
   {0.0,2.00000000000000,-12.0000000000000}
   {{1.00000000000000,0.0,0.0}{0.0,-1.00000000000000,0.0}{0.0,0.0,-1.00000000000000}}
   [{{0.0,2.00000000000000,-12.0000000000000}{0.0,0.0,-100.000000000000}}]
  }
  {
   {-2.00000000000000,-2.00000000000000,-12.0000000000000}
   {{1.00000000000000,0.0,0.0}{0.0,1.00000000000000,0.0}{0.0,0.0,1.00000000000000}}
   [{{-2.00000000000000,-2.00000000000000,-12.0000000000000}{0.0,0.0,100.000000000000}}]
  }
  {
   {2.00000000000000,-2.00000000000000,-12.0000000000000}
   {{1.00000000000000,0.0,0.0}{0.0,1.00000000000000,0.0}{0.0,0.0,1.00000000000000}}
   [{{2.00000000000000,-2.00000000000000,-12.0000000000000}{0.0,0.0,100.000000000000}}]
  }
 ]
 {0.0,0.0,-10.0000000000000}
 {0.0,0.0,0.0}
 0.0
}
\end{data}
\end{record}

\begin{record}{"#26"}
\begin{data}
simulationResult:{
 [
  {
   {{-0.93709337845714,0.34902279415685,6.25213649284271e-03}{-0.34871869050503,-0.93678985800803,2.86362851248107e-02}{1.58516543059105e-02,2.46546363234281e-02,0.99957034467992}}
   {4.21630447638138e-02,5.76933695722123e-03,3.42105290769750}
   {-2.37908755434673,-15.7103176061176,2.57280335244665}
   {13.9187023835611,-38.3924786266568,-7.41431222556564}
   [{{-0.15851654305911,-0.24654636323428,-9.99570344679915}{-93.7093378457142,34.9022794156845,0.62521364928427}}]
  }
 ]
 [
  {
   {0.0,2.00000000000000,-12.0000000000000}
   {{1.00000000000000,0.0,0.0}{0.0,-1.00000000000000,0.0}{0.0,0.0,-1.00000000000000}}
   [{{0.0,2.00000000000000,-12.0000000000000}{0.0,0.0,-100.000000000000}}]
  }
  {
   {-2.00000000000000,-2.00000000000000,-12.0000000000000}
   {{1.00000000000000,0.0,0.0}{0.0,1.00000000000000,0.0}{0.0,0.0,1.00000000000000}}
   [{{-2.00000000000000,-2.00000000000000,-12.0000000000000}{0.0,0.0,100.000000000000}}]
  }
  {
   {2.00000000000000,-2.00000000000000,-12.0000000000000}
   {{1.00000000000000,0.0,0.0}{0.0,1.00000000000000,0.0}{0.0,0.0,1.00000000000000}}
   [{{2.00000000000000,-2.00000000000000,-12.0000000000000}{0.0,0.0,100.000000000000}}]
  }
 ]
 {0.0,0.0,-10.0000000000000}
 {0.0,0.0,0.0}
 0.0
}
\end{data}
\end{record}

\begin{record}{"#27"}
\begin{data}
simulationResult:{
 [
  {
   {{-0.99675751800849,8.03118758334944e-02,4.94498671983694e-03}{-8.01572046849448e-02,-0.99644179744542,2.60493155541835e-02}{7.01946085179314e-03,2.55684748049416e-02,0.99964842833143}}
   {7.94358613839801e-03,-4.46469278939317e-02,2.09396850543717}
   {-1.34301903514460,-19.6560397113230,1.82568396472856}
   {7.20888352736067,-39.7626406140398,-7.46449131408043}
   [{{-7.01946085179340e-02,-0.25568474804942,-9.99648428331430}{-99.6757518008491,8.03118758334945,0.49449867198369}}]
  }
 ]
 [
  {
   {0.0,2.00000000000000,-12.0000000000000}
   {{1.00000000000000,0.0,0.0}{0.0,-1.00000000000000,0.0}{0.0,0.0,-1.00000000000000}}
   [{{0.0,2.00000000000000,-12.0000000000000}{0.0,0.0,-100.000000000000}}]
  }
  {
   {-2.00000000000000,-2.00000000000000,-12.0000000000000}
   {{1.00000000000000,0.0,0.0}{0.0,1.00000000000000,0.0}{0.0,0.0,1.00000000000000}}
   [{{-2.00000000000000,-2.00000000000000,-12.0000000000000}{0.0,0.0,100.000000000000}}]
  }
  {
   {2.00000000000000,-2.00000000000000,-12.0000000000000}
   {{1.00000000000000,0.0,0.0}{0.0,1.00000000000000,0.0}{0.0,0.0,1.00000000000000}}
   [{{2.00000000000000,-2.00000000000000,-12.0000000000000}{0.0,0.0,100.000000000000}}]
  }
 ]
 {0.0,0.0,-10.0000000000000}
 {0.0,0.0,0.0}
 0.0
}
\end{data}
\end{record}

\begin{record}{"#28"}
\begin{data}
simulationResult:{
 [
  {
