\include {"pem1_3_def.udf"}


\begin{data}
body[]:[
 {
  0,
  [
   {
    {0.0,0.0,-0.25330295910584}
    1.00000000000000,
    "point",
    {0.0}
    {0.0,0.0,{0.0,0.0,0.0}}
    {0.0,0.0,0.0,{0.0,0.0,0.0}{0.0,0.0,0.0}}
    {0.0,0.0,0.0,{0.0,0.0,0.0}{0.0,0.0,0.0}}
    {
     []
     [
     ]
    }
    {0.0,{0.0,0.0,0.0}}
   }
   {
    {0.0,0.0,-0.25330295910584}
    0.0,
    "sphere",
    {3.00000000000000e-02}
    {0.0,0.0,{0.0,0.0,0.0}}
    {0.0,0.0,0.0,{0.0,0.0,0.0}{0.0,0.0,0.0}}
    {0.0,0.0,0.0,{0.0,0.0,0.0}{0.0,0.0,0.0}}
    {
     []
     [
     ]
    }
    {0.0,{0.0,0.0,0.0}}
   }
   {
    {0.0,0.0,-0.12665147955292}
    0.0,
    "line",
    {0.0}
    {0.0,0.0,{0.0,0.0,0.0}}
    {0.0,0.0,0.0,{0.0,0.0,0.0}{0.0,0.0,0.0}}
    {0.0,0.0,0.0,{0.0,0.0,0.0}{0.0,0.0,0.0}}
    {
     []
     [
     ]
    }
    {0.12665147955292,{0.0,0.0,1.00000000000000}}
   }
  ]
  []
  [{1.00000000000000,1.00000000000000,1.00000000000000,1.00000000000000}{1.00000000000000,0.0,0.0,1.00000000000000}{0.0,0.0,0.0,1.00000000000000}]
  {1.00000000000000,{0.0,0.0,-0.25330295910584}{6.41623890917771e-02,6.41623890917771e-02,0.0,0.0,0.0,0.0}}
 }
 {
  1,
  [
   {
    {0.0,0.0,-0.22975325088965}
    1.00000000000000,
    "point",
    {0.0}
    {0.0,0.0,{0.0,0.0,0.0}}
    {0.0,0.0,0.0,{0.0,0.0,0.0}{0.0,0.0,0.0}}
    {0.0,0.0,0.0,{0.0,0.0,0.0}{0.0,0.0,0.0}}
    {
     []
     [
     ]
    }
    {0.0,{0.0,0.0,0.0}}
   }
   {
    {0.0,0.0,-0.22975325088965}
    0.0,
    "sphere",
    {3.00000000000000e-02}
    {0.0,0.0,{0.0,0.0,0.0}}
    {0.0,0.0,0.0,{0.0,0.0,0.0}{0.0,0.0,0.0}}
    {0.0,0.0,0.0,{0.0,0.0,0.0}{0.0,0.0,0.0}}
    {
     []
     [
     ]
    }
    {0.0,{0.0,0.0,0.0}}
   }
   {
    {0.0,0.0,-0.11487662544483}
    0.0,
    "line",
    {0.0}
    {0.0,0.0,{0.0,0.0,0.0}}
    {0.0,0.0,0.0,{0.0,0.0,0.0}{0.0,0.0,0.0}}
    {0.0,0.0,0.0,{0.0,0.0,0.0}{0.0,0.0,0.0}}
    {
     []
     [
     ]
    }
    {0.11487662544483,{0.0,0.0,1.00000000000000}}
   }
  ]
  []
  [{1.00000000000000,1.00000000000000,1.00000000000000,1.00000000000000}{0.0,0.0,1.00000000000000,1.00000000000000}{0.0,0.0,0.0,1.00000000000000}]
  {1.00000000000000,{0.0,0.0,-0.22975325088965}{5.27865562943646e-02,5.27865562943646e-02,0.0,0.0,0.0,0.0}}
 }
 {
  2,
  [
   {
    {0.0,0.0,-0.20934128851723}
    1.00000000000000,
    "point",
    {0.0}
    {0.0,0.0,{0.0,0.0,0.0}}
    {0.0,0.0,0.0,{0.0,0.0,0.0}{0.0,0.0,0.0}}
    {0.0,0.0,0.0,{0.0,0.0,0.0}{0.0,0.0,0.0}}
    {
     []
     [
     ]
    }
    {0.0,{0.0,0.0,0.0}}
   }
   {
    {0.0,0.0,-0.20934128851723}
    0.0,
    "sphere",
    {3.00000000000000e-02}
    {0.0,0.0,{0.0,0.0,0.0}}
    {0.0,0.0,0.0,{0.0,0.0,0.0}{0.0,0.0,0.0}}
    {0.0,0.0,0.0,{0.0,0.0,0.0}{0.0,0.0,0.0}}
    {
     []
     [
     ]
    }
    {0.0,{0.0,0.0,0.0}}
   }
   {
    {0.0,0.0,-0.10467064425861}
    0.0,
    "line",
    {0.0}
    {0.0,0.0,{0.0,0.0,0.0}}
    {0.0,0.0,0.0,{0.0,0.0,0.0}{0.0,0.0,0.0}}
    {0.0,0.0,0.0,{0.0,0.0,0.0}{0.0,0.0,0.0}}
    {
     []
     [
     ]
    }
    {0.10467064425861,{0.0,0.0,1.00000000000000}}
   }
  ]
  []
  [{1.00000000000000,1.00000000000000,1.00000000000000,1.00000000000000}{1.00000000000000,0.0,0.0,1.00000000000000}{0.0,0.0,0.0,1.00000000000000}]
  {1.00000000000000,{0.0,0.0,-0.20934128851723}{4.38237750780528e-02,4.38237750780528e-02,0.0,0.0,0.0,0.0}}
 }
 {
  3,
  [
   {
    {0.0,0.0,-0.19153342843542}
    1.00000000000000,
    "point",
    {0.0}
    {0.0,0.0,{0.0,0.0,0.0}}
    {0.0,0.0,0.0,{0.0,0.0,0.0}{0.0,0.0,0.0}}
    {0.0,0.0,0.0,{0.0,0.0,0.0}{0.0,0.0,0.0}}
    {
     []
     [
     ]
    }
    {0.0,{0.0,0.0,0.0}}
   }
   {
    {0.0,0.0,-0.19153342843542}
    0.0,
    "sphere",
    {3.00000000000000e-02}
    {0.0,0.0,{0.0,0.0,0.0}}
    {0.0,0.0,0.0,{0.0,0.0,0.0}{0.0,0.0,0.0}}
    {0.0,0.0,0.0,{0.0,0.0,0.0}{0.0,0.0,0.0}}
    {
     []
     [
     ]
    }
    {0.0,{0.0,0.0,0.0}}
   }
   {
    {0.0,0.0,-9.57667142177106e-02}
    0.0,
    "line",
    {0.0}
    {0.0,0.0,{0.0,0.0,0.0}}
    {0.0,0.0,0.0,{0.0,0.0,0.0}{0.0,0.0,0.0}}
    {0.0,0.0,0.0,{0.0,0.0,0.0}{0.0,0.0,0.0}}
    {
     []
     [
     ]
    }
    {9.57667142177106e-02,{0.0,0.0,1.00000000000000}}
   }
  ]
  []
  [{1.00000000000000,1.00000000000000,1.00000000000000,1.00000000000000}{0.0,0.0,1.00000000000000,1.00000000000000}{0.0,0.0,0.0,1.00000000000000}]
  {1.00000000000000,{0.0,0.0,-0.19153342843542}{3.66850542082266e-02,3.66850542082266e-02,0.0,0.0,0.0,0.0}}
 }
 {
  4,
  [
   {
    {0.0,0.0,-0.17590483271239}
    1.00000000000000,
    "point",
    {0.0}
    {0.0,0.0,{0.0,0.0,0.0}}
    {0.0,0.0,0.0,{0.0,0.0,0.0}{0.0,0.0,0.0}}
    {0.0,0.0,0.0,{0.0,0.0,0.0}{0.0,0.0,0.0}}
    {
     []
     [
     ]
    }
    {0.0,{0.0,0.0,0.0}}
   }
   {
    {0.0,0.0,-0.17590483271239}
    0.0,
    "sphere",
    {3.00000000000000e-02}
    {0.0,0.0,{0.0,0.0,0.0}}
    {0.0,0.0,0.0,{0.0,0.0,0.0}{0.0,0.0,0.0}}
    {0.0,0.0,0.0,{0.0,0.0,0.0}{0.0,0.0,0.0}}
    {
     []
     [
     ]
    }
    {0.0,{0.0,0.0,0.0}}
   }
   {
    {0.0,0.0,-8.79524163561960e-02}
    0.0,
    "line",
    {0.0}
    {0.0,0.0,{0.0,0.0,0.0}}
    {0.0,0.0,0.0,{0.0,0.0,0.0}{0.0,0.0,0.0}}
    {0.0,0.0,0.0,{0.0,0.0,0.0}{0.0,0.0,0.0}}
    {
     []
     [
     ]
    }
    {8.79524163561960e-02,{0.0,0.0,1.00000000000000}}
   }
  ]
  []
  [{1.00000000000000,1.00000000000000,1.00000000000000,1.00000000000000}{1.00000000000000,0.0,0.0,1.00000000000000}{0.0,0.0,0.0,1.00000000000000}]
  {1.00000000000000,{0.0,0.0,-0.17590483271239}{3.09425101715746e-02,3.09425101715746e-02,0.0,0.0,0.0,0.0}}
 }
 {
  5,
  [
   {
    {0.0,0.0,-0.16211389382774}
    1.00000000000000,
    "point",
    {0.0}
    {0.0,0.0,{0.0,0.0,0.0}}
    {0.0,0.0,0.0,{0.0,0.0,0.0}{0.0,0.0,0.0}}
    {0.0,0.0,0.0,{0.0,0.0,0.0}{0.0,0.0,0.0}}
    {
     []
     [
     ]
    }
    {0.0,{0.0,0.0,0.0}}
   }
   {
    {0.0,0.0,-0.16211389382774}
    0.0,
    "sphere",
    {3.00000000000000e-02}
    {0.0,0.0,{0.0,0.0,0.0}}
    {0.0,0.0,0.0,{0.0,0.0,0.0}{0.0,0.0,0.0}}
    {0.0,0.0,0.0,{0.0,0.0,0.0}{0.0,0.0,0.0}}
    {
     []
     [
     ]
    }
    {0.0,{0.0,0.0,0.0}}
   }
   {
    {0.0,0.0,-8.10569469138702e-02}
    0.0,
    "line",
    {0.0}
    {0.0,0.0,{0.0,0.0,0.0}}
    {0.0,0.0,0.0,{0.0,0.0,0.0}{0.0,0.0,0.0}}
    {0.0,0.0,0.0,{0.0,0.0,0.0}{0.0,0.0,0.0}}
    {
     []
     [
     ]
    }
    {8.10569469138702e-02,{0.0,0.0,1.00000000000000}}
   }
  ]
  []
  [{1.00000000000000,1.00000000000000,1.00000000000000,1.00000000000000}{0.0,0.0,1.00000000000000,1.00000000000000}{0.0,0.0,0.0,1.00000000000000}]
  {1.00000000000000,{0.0,0.0,-0.16211389382774}{2.62809145719919e-02,2.62809145719919e-02,0.0,0.0,0.0,0.0}}
 }
 {
  6,
  [
   {
    {0.0,0.0,-0.14988340775494}
    1.00000000000000,
    "point",
    {0.0}
    {0.0,0.0,{0.0,0.0,0.0}}
    {0.0,0.0,0.0,{0.0,0.0,0.0}{0.0,0.0,0.0}}
    {0.0,0.0,0.0,{0.0,0.0,0.0}{0.0,0.0,0.0}}
    {
     []
     [
     ]
    }
    {0.0,{0.0,0.0,0.0}}
   }
   {
    {0.0,0.0,-0.14988340775494}
    0.0,
    "sphere",
    {3.00000000000000e-02}
    {0.0,0.0,{0.0,0.0,0.0}}
    {0.0,0.0,0.0,{0.0,0.0,0.0}{0.0,0.0,0.0}}
    {0.0,0.0,0.0,{0.0,0.0,0.0}{0.0,0.0,0.0}}
    {
     []
     [
     ]
    }
    {0.0,{0.0,0.0,0.0}}
   }
   {
    {0.0,0.0,-7.49417038774688e-02}
    0.0,
    "line",
    {0.0}
    {0.0,0.0,{0.0,0.0,0.0}}
    {0.0,0.0,0.0,{0.0,0.0,0.0}{0.0,0.0,0.0}}
    {0.0,0.0,0.0,{0.0,0.0,0.0}{0.0,0.0,0.0}}
    {
     []
     [
     ]
    }
    {7.49417038774688e-02,{0.0,0.0,1.00000000000000}}
   }
  ]
  []
  [{1.00000000000000,1.00000000000000,1.00000000000000,1.00000000000000}{1.00000000000000,0.0,0.0,1.00000000000000}{0.0,0.0,0.0,1.00000000000000}]
  {1.00000000000000,{0.0,0.0,-0.14988340775494}{2.24650359202329e-02,2.24650359202329e-02,0.0,0.0,0.0,0.0}}
 }
 {
  7,
  [
   {
    {0.0,0.0,-0.13898653448880}
    1.00000000000000,
    "point",
    {0.0}
    {0.0,0.0,{0.0,0.0,0.0}}
    {0.0,0.0,0.0,{0.0,0.0,0.0}{0.0,0.0,0.0}}
    {0.0,0.0,0.0,{0.0,0.0,0.0}{0.0,0.0,0.0}}
    {
     []
     [
     ]
    }
    {0.0,{0.0,0.0,0.0}}
   }
   {
    {0.0,0.0,-0.13898653448880}
    0.0,
    "sphere",
    {3.00000000000000e-02}
    {0.0,0.0,{0.0,0.0,0.0}}
    {0.0,0.0,0.0,{0.0,0.0,0.0}{0.0,0.0,0.0}}
    {0.0,0.0,0.0,{0.0,0.0,0.0}{0.0,0.0,0.0}}
    {
     []
     [
     ]
    }
    {0.0,{0.0,0.0,0.0}}
   }
   {
    {0.0,0.0,-6.94932672444018e-02}
    0.0,
    "line",
    {0.0}
    {0.0,0.0,{0.0,0.0,0.0}}
    {0.0,0.0,0.0,{0.0,0.0,0.0}{0.0,0.0,0.0}}
    {0.0,0.0,0.0,{0.0,0.0,0.0}{0.0,0.0,0.0}}
    {
     []
     [
     ]
    }
    {6.94932672444018e-02,{0.0,0.0,1.00000000000000}}
   }
  ]
  []
  [{1.00000000000000,1.00000000000000,1.00000000000000,1.00000000000000}{0.0,0.0,1.00000000000000,1.00000000000000}{0.0,0.0,0.0,1.00000000000000}]
  {1.00000000000000,{0.0,0.0,-0.13898653448880}{1.93172567692074e-02,1.93172567692074e-02,0.0,0.0,0.0,0.0}}
 }
 {
  8,
  [
   {
    {0.0,0.0,-0.12923620362543}
    1.00000000000000,
    "point",
    {0.0}
    {0.0,0.0,{0.0,0.0,0.0}}
    {0.0,0.0,0.0,{0.0,0.0,0.0}{0.0,0.0,0.0}}
    {0.0,0.0,0.0,{0.0,0.0,0.0}{0.0,0.0,0.0}}
    {
     []
     [
     ]
    }
    {0.0,{0.0,0.0,0.0}}
   }
   {
    {0.0,0.0,-0.12923620362543}
    0.0,
    "sphere",
    {3.00000000000000e-02}
    {0.0,0.0,{0.0,0.0,0.0}}
    {0.0,0.0,0.0,{0.0,0.0,0.0}{0.0,0.0,0.0}}
    {0.0,0.0,0.0,{0.0,0.0,0.0}{0.0,0.0,0.0}}
    {
     []
     [
     ]
    }
    {0.0,{0.0,0.0,0.0}}
   }
   {
    {0.0,0.0,-6.46181018127154e-02}
    0.0,
    "line",
    {0.0}
    {0.0,0.0,{0.0,0.0,0.0}}
    {0.0,0.0,0.0,{0.0,0.0,0.0}{0.0,0.0,0.0}}
    {0.0,0.0,0.0,{0.0,0.0,0.0}{0.0,0.0,0.0}}
    {
     []
     [
     ]
    }
    {6.46181018127154e-02,{0.0,0.0,1.00000000000000}}
   }
  ]
  []
  [{1.00000000000000,1.00000000000000,1.00000000000000,1.00000000000000}{1.00000000000000,0.0,0.0,1.00000000000000}{0.0,0.0,0.0,1.00000000000000}]
  {1.00000000000000,{0.0,0.0,-0.12923620362543}{1.67019963275138e-02,1.67019963275138e-02,0.0,0.0,0.0,0.0}}
 }
 {
  9,
  [
   {
    {0.0,0.0,-0.12047703167936}
    1.00000000000000,
    "point",
    {0.0}
    {0.0,0.0,{0.0,0.0,0.0}}
    {0.0,0.0,0.0,{0.0,0.0,0.0}{0.0,0.0,0.0}}
    {0.0,0.0,0.0,{0.0,0.0,0.0}{0.0,0.0,0.0}}
    {
     []
     [
     ]
    }
    {0.0,{0.0,0.0,0.0}}
   }
   {
    {0.0,0.0,-0.12047703167936}
    0.0,
    "sphere",
    {3.00000000000000e-02}
    {0.0,0.0,{0.0,0.0,0.0}}
    {0.0,0.0,0.0,{0.0,0.0,0.0}{0.0,0.0,0.0}}
    {0.0,0.0,0.0,{0.0,0.0,0.0}{0.0,0.0,0.0}}
    {
     []
     [
     ]
    }
    {0.0,{0.0,0.0,0.0}}
   }
   {
    {0.0,0.0,-6.02385158396777e-02}
    0.0,
    "line",
    {0.0}
    {0.0,0.0,{0.0,0.0,0.0}}
    {0.0,0.0,0.0,{0.0,0.0,0.0}{0.0,0.0,0.0}}
    {0.0,0.0,0.0,{0.0,0.0,0.0}{0.0,0.0,0.0}}
    {
     []
     [
     ]
    }
    {6.02385158396777e-02,{0.0,0.0,1.00000000000000}}
   }
  ]
  []
  [{1.00000000000000,1.00000000000000,1.00000000000000,1.00000000000000}{0.0,0.0,1.00000000000000,1.00000000000000}{0.0,0.0,0.0,1.00000000000000}]
  {1.00000000000000,{0.0,0.0,-0.12047703167936}{1.45147151622684e-02,1.45147151622684e-02,0.0,0.0,0.0,0.0}}
 }
 {
  10,
  [
   {
    {0.0,0.0,-0.11257909293593}
    1.00000000000000,
    "point",
    {0.0}
    {0.0,0.0,{0.0,0.0,0.0}}
    {0.0,0.0,0.0,{0.0,0.0,0.0}{0.0,0.0,0.0}}
    {0.0,0.0,0.0,{0.0,0.0,0.0}{0.0,0.0,0.0}}
    {
     []
     [
     ]
    }
    {0.0,{0.0,0.0,0.0}}
   }
   {
    {0.0,0.0,-0.11257909293593}
    0.0,
    "sphere",
    {3.00000000000000e-02}
    {0.0,0.0,{0.0,0.0,0.0}}
    {0.0,0.0,0.0,{0.0,0.0,0.0}{0.0,0.0,0.0}}
    {0.0,0.0,0.0,{0.0,0.0,0.0}{0.0,0.0,0.0}}
    {
     []
     [
     ]
    }
    {0.0,{0.0,0.0,0.0}}
   }
   {
    {0.0,0.0,-5.62895464679654e-02}
    0.0,
    "line",
    {0.0}
    {0.0,0.0,{0.0,0.0,0.0}}
    {0.0,0.0,0.0,{0.0,0.0,0.0}{0.0,0.0,0.0}}
    {0.0,0.0,0.0,{0.0,0.0,0.0}{0.0,0.0,0.0}}
    {
     []
     [
     ]
    }
    {5.62895464679654e-02,{0.0,0.0,1.00000000000000}}
   }
  ]
  []
  [{1.00000000000000,1.00000000000000,1.00000000000000,1.00000000000000}{1.00000000000000,0.0,0.0,1.00000000000000}{0.0,0.0,0.0,1.00000000000000}]
  {1.00000000000000,{0.0,0.0,-0.11257909293593}{1.26740521662770e-02,1.26740521662770e-02,0.0,0.0,0.0,0.0}}
 }
 {
  11,
  [
   {
    {0.0,0.0,-0.10543307350920}
    1.00000000000000,
    "point",
    {0.0}
    {0.0,0.0,{0.0,0.0,0.0}}
    {0.0,0.0,0.0,{0.0,0.0,0.0}{0.0,0.0,0.0}}
    {0.0,0.0,0.0,{0.0,0.0,0.0}{0.0,0.0,0.0}}
    {
     []
     [
     ]
    }
    {0.0,{0.0,0.0,0.0}}
   }
   {
    {0.0,0.0,-0.10543307350920}
    0.0,
    "sphere",
    {3.00000000000000e-02}
    {0.0,0.0,{0.0,0.0,0.0}}
    {0.0,0.0,0.0,{0.0,0.0,0.0}{0.0,0.0,0.0}}
    {0.0,0.0,0.0,{0.0,0.0,0.0}{0.0,0.0,0.0}}
    {
     []
     [
     ]
    }
    {0.0,{0.0,0.0,0.0}}
   }
   {
    {0.0,0.0,-5.27165367545982e-02}
    0.0,
    "line",
    {0.0}
    {0.0,0.0,{0.0,0.0,0.0}}
    {0.0,0.0,0.0,{0.0,0.0,0.0}{0.0,0.0,0.0}}
    {0.0,0.0,0.0,{0.0,0.0,0.0}{0.0,0.0,0.0}}
    {
     []
     [
     ]
    }
    {5.27165367545982e-02,{0.0,0.0,1.00000000000000}}
   }
  ]
  []
  [{1.00000000000000,1.00000000000000,1.00000000000000,1.00000000000000}{0.0,0.0,1.00000000000000,1.00000000000000}{0.0,0.0,0.0,1.00000000000000}]
  {1.00000000000000,{0.0,0.0,-0.10543307350920}{1.11161329895956e-02,1.11161329895956e-02,0.0,0.0,0.0,0.0}}
 }
 {
  12,
  [
   {
    {0.0,0.0,-9.89464684007205e-02}
    1.00000000000000,
    "point",
    {0.0}
    {0.0,0.0,{0.0,0.0,0.0}}
    {0.0,0.0,0.0,{0.0,0.0,0.0}{0.0,0.0,0.0}}
    {0.0,0.0,0.0,{0.0,0.0,0.0}{0.0,0.0,0.0}}
    {
     []
     [
     ]
    }
    {0.0,{0.0,0.0,0.0}}
   }
   {
    {0.0,0.0,-9.89464684007205e-02}
    0.0,
    "sphere",
    {3.00000000000000e-02}
    {0.0,0.0,{0.0,0.0,0.0}}
    {0.0,0.0,0.0,{0.0,0.0,0.0}{0.0,0.0,0.0}}
    {0.0,0.0,0.0,{0.0,0.0,0.0}{0.0,0.0,0.0}}
    {
     []
     [
     ]
    }
    {0.0,{0.0,0.0,0.0}}
   }
   {
    {0.0,0.0,-4.94732342003602e-02}
    0.0,
    "line",
    {0.0}
    {0.0,0.0,{0.0,0.0,0.0}}
    {0.0,0.0,0.0,{0.0,0.0,0.0}{0.0,0.0,0.0}}
    {0.0,0.0,0.0,{0.0,0.0,0.0}{0.0,0.0,0.0}}
    {
     []
     [
     ]
    }
    {4.94732342003602e-02,{0.0,0.0,1.00000000000000}}
   }
  ]
  []
  [{1.00000000000000,1.00000000000000,1.00000000000000,1.00000000000000}{1.00000000000000,0.0,0.0,1.00000000000000}{0.0,0.0,0.0,1.00000000000000}]
  {1.00000000000000,{0.0,0.0,-9.89464684007205e-02}{9.79040360897478e-03,9.79040360897478e-03,0.0,0.0,0.0,0.0}}
 }
 {
  13,
  [
   {
    {0.0,0.0,-9.30405726743230e-02}
    1.00000000000000,
    "point",
    {0.0}
    {0.0,0.0,{0.0,0.0,0.0}}
    {0.0,0.0,0.0,{0.0,0.0,0.0}{0.0,0.0,0.0}}
    {0.0,0.0,0.0,{0.0,0.0,0.0}{0.0,0.0,0.0}}
    {
     []
     [
     ]
    }
    {0.0,{0.0,0.0,0.0}}
   }
   {
    {0.0,0.0,-9.30405726743230e-02}
    0.0,
    "sphere",
    {3.00000000000000e-02}
    {0.0,0.0,{0.0,0.0,0.0}}
    {0.0,0.0,0.0,{0.0,0.0,0.0}{0.0,0.0,0.0}}
    {0.0,0.0,0.0,{0.0,0.0,0.0}{0.0,0.0,0.0}}
    {
     []
     [
     ]
    }
    {0.0,{0.0,0.0,0.0}}
   }
   {
    {0.0,0.0,-4.65202863371615e-02}
    0.0,
    "line",
    {0.0}
    {0.0,0.0,{0.0,0.0,0.0}}
    {0.0,0.0,0.0,{0.0,0.0,0.0}{0.0,0.0,0.0}}
    {0.0,0.0,0.0,{0.0,0.0,0.0}{0.0,0.0,0.0}}
    {
     []
     [
     ]
    }
    {4.65202863371615e-02,{0.0,0.0,1.00000000000000}}
   }
  ]
  []
  [{1.00000000000000,1.00000000000000,1.00000000000000,1.00000000000000}{0.0,0.0,1.00000000000000,1.00000000000000}{0.0,0.0,0.0,1.00000000000000}]
  {1.00000000000000,{0.0,0.0,-9.30405726743230e-02}{8.65654816356599e-03,8.65654816356599e-03,0.0,0.0,0.0,0.0}}
 }
 {
  14,
  [
   {
    {0.0,0.0,-8.76480827355863e-02}
    1.00000000000000,
    "point",
    {0.0}
    {0.0,0.0,{0.0,0.0,0.0}}
    {0.0,0.0,0.0,{0.0,0.0,0.0}{0.0,0.0,0.0}}
    {0.0,0.0,0.0,{0.0,0.0,0.0}{0.0,0.0,0.0}}
    {
     []
     [
     ]
    }
    {0.0,{0.0,0.0,0.0}}
   }
   {
    {0.0,0.0,-8.76480827355863e-02}
    0.0,
    "sphere",
    {3.00000000000000e-02}
    {0.0,0.0,{0.0,0.0,0.0}}
    {0.0,0.0,0.0,{0.0,0.0,0.0}{0.0,0.0,0.0}}
    {0.0,0.0,0.0,{0.0,0.0,0.0}{0.0,0.0,0.0}}
    {
     []
     [
     ]
    }
    {0.0,{0.0,0.0,0.0}}
   }
   {
    {0.0,0.0,-4.38240413677932e-02}
    0.0,
    "line",
    {0.0}
    {0.0,0.0,{0.0,0.0,0.0}}
    {0.0,0.0,0.0,{0.0,0.0,0.0}{0.0,0.0,0.0}}
    {0.0,0.0,0.0,{0.0,0.0,0.0}{0.0,0.0,0.0}}
    {
     []
     [
     ]
    }
    {4.38240413677932e-02,{0.0,0.0,1.00000000000000}}
   }
  ]
  []
  [{1.00000000000000,1.00000000000000,1.00000000000000,1.00000000000000}{1.00000000000000,0.0,0.0,1.00000000000000}{0.0,0.0,0.0,1.00000000000000}]
  {1.00000000000000,{0.0,0.0,-8.76480827355863e-02}{7.68218640722418e-03,7.68218640722418e-03,0.0,0.0,0.0,0.0}}
 }
]
simulation:{
 {60000,10,1.00000000000000e-03}
 {{-0.50000000000000,-1.00000000000000e-01,-0.30000000000000}{0.50000000000000,2.00000000000000,0.0}}
 "4thOrderRungeKutta",
 "false",
 [{0,{0.0,0.0,0.0}{{0.86602540378444,0.0,0.50000000000000}{0.0,1.00000000000000,0.0}{-0.50000000000000,0.0,0.86602540378444}}{0.0,0.0,0.0}{"false",{0.0,0.0,0.0}}}{1,{0.0,1.00000000000000e-01,0.0}{{0.86602540378444,0.0,0.50000000000000}{0.0,1.00000000000000,0.0}{-0.50000000000000,0.0,0.86602540378444}}{0.0,0.0,0.0}{"false",{0.0,0.0,0.0}}}{2,{0.0,0.20000000000000,0.0}{{0.86602540378444,0.0,0.50000000000000}{0.0,1.00000000000000,0.0}{-0.50000000000000,0.0,0.86602540378444}}{0.0,0.0,0.0}{"false",{0.0,0.0,0.0}}}{3,{0.0,0.30000000000000,0.0}{{0.86602540378444,0.0,0.50000000000000}{0.0,1.00000000000000,0.0}{-0.50000000000000,0.0,0.86602540378444}}{0.0,0.0,0.0}{"false",{0.0,0.0,0.0}}}{4,{0.0,0.40000000000000,0.0}{{0.86602540378444,0.0,0.50000000000000}{0.0,1.00000000000000,0.0}{-0.50000000000000,0.0,0.86602540378444}}{0.0,0.0,0.0}{"false",{0.0,0.0,0.0}}}{5,{0.0,0.50000000000000,0.0}{{0.86602540378444,0.0,0.50000000000000}{0.0,1.00000000000000,0.0}{-0.50000000000000,0.0,0.86602540378444}}{0.0,0.0,0.0}{"false",{0.0,0.0,0.0}}}{6,{0.0,0.60000000000000,0.0}{{0.86602540378444,0.0,0.50000000000000}{0.0,1.00000000000000,0.0}{-0.50000000000000,0.0,0.86602540378444}}{0.0,0.0,0.0}{"false",{0.0,0.0,0.0}}}{7,{0.0,0.70000000000000,0.0}{{0.86602540378444,0.0,0.50000000000000}{0.0,1.00000000000000,0.0}{-0.50000000000000,0.0,0.86602540378444}}{0.0,0.0,0.0}{"false",{0.0,0.0,0.0}}}{8,{0.0,0.80000000000000,0.0}{{0.86602540378444,0.0,0.50000000000000}{0.0,1.00000000000000,0.0}{-0.50000000000000,0.0,0.86602540378444}}{0.0,0.0,0.0}{"false",{0.0,0.0,0.0}}}{9,{0.0,0.90000000000000,0.0}{{0.86602540378444,0.0,0.50000000000000}{0.0,1.00000000000000,0.0}{-0.50000000000000,0.0,0.86602540378444}}{0.0,0.0,0.0}{"false",{0.0,0.0,0.0}}}{10,{0.0,1.00000000000000,0.0}{{0.86602540378444,0.0,0.50000000000000}{0.0,1.00000000000000,0.0}{-0.50000000000000,0.0,0.86602540378444}}{0.0,0.0,0.0}{"false",{0.0,0.0,0.0}}}{11,{0.0,1.10000000000000,0.0}{{0.86602540378444,0.0,0.50000000000000}{0.0,1.00000000000000,0.0}{-0.50000000000000,0.0,0.86602540378444}}{0.0,0.0,0.0}{"false",{0.0,0.0,0.0}}}{12,{0.0,1.20000000000000,0.0}{{0.86602540378444,0.0,0.50000000000000}{0.0,1.00000000000000,0.0}{-0.50000000000000,0.0,0.86602540378444}}{0.0,0.0,0.0}{"false",{0.0,0.0,0.0}}}{13,{0.0,1.30000000000000,0.0}{{0.86602540378444,0.0,0.50000000000000}{0.0,1.00000000000000,0.0}{-0.50000000000000,0.0,0.86602540378444}}{0.0,0.0,0.0}{"false",{0.0,0.0,0.0}}}{14,{0.0,1.40000000000000,0.0}{{0.86602540378444,0.0,0.50000000000000}{0.0,1.00000000000000,0.0}{-0.50000000000000,0.0,0.86602540378444}}{0.0,0.0,0.0}{"false",{0.0,0.0,0.0}}}]
 []
 {0.0,0.0,-10.0000000000000}
 {"false",{{0.0,0.0,0.0}}{0.0,{0.0,0.0,0.0}{0.0,0.0,0.0}}}
 10.0000000000000,
 {"false",0.0}
}
\end{data}
