\include {"pem1_3_def.udf"}


\begin{data}
body[]:[
 {
  0,
  [
   {
    {0.0,0.0,-0.24470863015813}
    1.00000000000000,
    "point",
    {0.0}
    {0.0,0.0,{0.0,0.0,0.0}}
    {0.0,0.0,0.0,{0.0,0.0,0.0}{0.0,0.0,0.0}}
    {0.0,0.0,0.0,{0.0,0.0,0.0}{0.0,0.0,0.0}}
    {
     []
     [
     ]
    }
    {0.0,{0.0,0.0,0.0}}
   }
   {
    {0.0,0.0,-0.24470863015813}
    0.0,
    "sphere",
    {3.00000000000000e-02}
    {0.0,0.0,{0.0,0.0,0.0}}
    {0.0,0.0,0.0,{0.0,0.0,0.0}{0.0,0.0,0.0}}
    {0.0,0.0,0.0,{0.0,0.0,0.0}{0.0,0.0,0.0}}
    {
     []
     [
     ]
    }
    {0.0,{0.0,0.0,0.0}}
   }
   {
    {0.0,0.0,-0.12235431507906}
    0.0,
    "line",
    {0.0}
    {0.0,0.0,{0.0,0.0,0.0}}
    {0.0,0.0,0.0,{0.0,0.0,0.0}{0.0,0.0,0.0}}
    {0.0,0.0,0.0,{0.0,0.0,0.0}{0.0,0.0,0.0}}
    {
     []
     [
     ]
    }
    {0.12235431507906,{0.0,0.0,1.00000000000000}}
   }
  ]
  []
  [{1.00000000000000,1.00000000000000,1.00000000000000,1.00000000000000}{1.00000000000000,0.0,0.0,1.00000000000000}{0.0,0.0,0.0,1.00000000000000}]
  {1.00000000000000,{0.0,0.0,-0.24470863015813}{5.98823136738668e-02,5.98823136738668e-02,0.0,0.0,0.0,0.0}}
 }
 {
  1,
  [
   {
    {0.0,0.0,-0.22195794118651}
    1.00000000000000,
    "point",
    {0.0}
    {0.0,0.0,{0.0,0.0,0.0}}
    {0.0,0.0,0.0,{0.0,0.0,0.0}{0.0,0.0,0.0}}
    {0.0,0.0,0.0,{0.0,0.0,0.0}{0.0,0.0,0.0}}
    {
     []
     [
     ]
    }
    {0.0,{0.0,0.0,0.0}}
   }
   {
    {0.0,0.0,-0.22195794118651}
    0.0,
    "sphere",
    {3.00000000000000e-02}
    {0.0,0.0,{0.0,0.0,0.0}}
    {0.0,0.0,0.0,{0.0,0.0,0.0}{0.0,0.0,0.0}}
    {0.0,0.0,0.0,{0.0,0.0,0.0}{0.0,0.0,0.0}}
    {
     []
     [
     ]
    }
    {0.0,{0.0,0.0,0.0}}
   }
   {
    {0.0,0.0,-0.11097897059325}
    0.0,
    "line",
    {0.0}
    {0.0,0.0,{0.0,0.0,0.0}}
    {0.0,0.0,0.0,{0.0,0.0,0.0}{0.0,0.0,0.0}}
    {0.0,0.0,0.0,{0.0,0.0,0.0}{0.0,0.0,0.0}}
    {
     []
     [
     ]
    }
    {0.11097897059325,{0.0,0.0,1.00000000000000}}
   }
  ]
  []
  [{1.00000000000000,1.00000000000000,1.00000000000000,1.00000000000000}{0.0,0.0,1.00000000000000,1.00000000000000}{0.0,0.0,0.0,1.00000000000000}]
  {1.00000000000000,{0.0,0.0,-0.22195794118651}{4.92653276557539e-02,4.92653276557539e-02,0.0,0.0,0.0,0.0}}
 }
 {
  2,
  [
   {
    {0.0,0.0,-0.20223853732077}
    1.00000000000000,
    "point",
    {0.0}
    {0.0,0.0,{0.0,0.0,0.0}}
    {0.0,0.0,0.0,{0.0,0.0,0.0}{0.0,0.0,0.0}}
    {0.0,0.0,0.0,{0.0,0.0,0.0}{0.0,0.0,0.0}}
    {
     []
     [
     ]
    }
    {0.0,{0.0,0.0,0.0}}
   }
   {
    {0.0,0.0,-0.20223853732077}
    0.0,
    "sphere",
    {3.00000000000000e-02}
    {0.0,0.0,{0.0,0.0,0.0}}
    {0.0,0.0,0.0,{0.0,0.0,0.0}{0.0,0.0,0.0}}
    {0.0,0.0,0.0,{0.0,0.0,0.0}{0.0,0.0,0.0}}
    {
     []
     [
     ]
    }
    {0.0,{0.0,0.0,0.0}}
   }
   {
    {0.0,0.0,-0.10111926866038}
    0.0,
    "line",
    {0.0}
    {0.0,0.0,{0.0,0.0,0.0}}
    {0.0,0.0,0.0,{0.0,0.0,0.0}{0.0,0.0,0.0}}
    {0.0,0.0,0.0,{0.0,0.0,0.0}{0.0,0.0,0.0}}
    {
     []
     [
     ]
    }
    {0.10111926866038,{0.0,0.0,1.00000000000000}}
   }
  ]
  []
  [{1.00000000000000,1.00000000000000,1.00000000000000,1.00000000000000}{1.00000000000000,0.0,0.0,1.00000000000000}{0.0,0.0,0.0,1.00000000000000}]
  {1.00000000000000,{0.0,0.0,-0.20223853732077}{4.09004259776427e-02,4.09004259776427e-02,0.0,0.0,0.0,0.0}}
 }
 {
  3,
  [
   {
    {0.0,0.0,-0.18503488102694}
    1.00000000000000,
    "point",
    {0.0}
    {0.0,0.0,{0.0,0.0,0.0}}
    {0.0,0.0,0.0,{0.0,0.0,0.0}{0.0,0.0,0.0}}
    {0.0,0.0,0.0,{0.0,0.0,0.0}{0.0,0.0,0.0}}
    {
     []
     [
     ]
    }
    {0.0,{0.0,0.0,0.0}}
   }
   {
    {0.0,0.0,-0.18503488102694}
    0.0,
    "sphere",
    {3.00000000000000e-02}
    {0.0,0.0,{0.0,0.0,0.0}}
    {0.0,0.0,0.0,{0.0,0.0,0.0}{0.0,0.0,0.0}}
    {0.0,0.0,0.0,{0.0,0.0,0.0}{0.0,0.0,0.0}}
    {
     []
     [
     ]
    }
    {0.0,{0.0,0.0,0.0}}
   }
   {
    {0.0,0.0,-9.25174405134694e-02}
    0.0,
    "line",
    {0.0}
    {0.0,0.0,{0.0,0.0,0.0}}
    {0.0,0.0,0.0,{0.0,0.0,0.0}{0.0,0.0,0.0}}
    {0.0,0.0,0.0,{0.0,0.0,0.0}{0.0,0.0,0.0}}
    {
     []
     [
     ]
    }
    {9.25174405134694e-02,{0.0,0.0,1.00000000000000}}
   }
  ]
  []
  [{1.00000000000000,1.00000000000000,1.00000000000000,1.00000000000000}{0.0,0.0,1.00000000000000,1.00000000000000}{0.0,0.0,0.0,1.00000000000000}]
  {1.00000000000000,{0.0,0.0,-0.18503488102694}{3.42379071966534e-02,3.42379071966534e-02,0.0,0.0,0.0,0.0}}
 }
 {
  4,
  [
   {
    {0.0,0.0,-0.16993654872092}
    1.00000000000000,
    "point",
    {0.0}
    {0.0,0.0,{0.0,0.0,0.0}}
    {0.0,0.0,0.0,{0.0,0.0,0.0}{0.0,0.0,0.0}}
    {0.0,0.0,0.0,{0.0,0.0,0.0}{0.0,0.0,0.0}}
    {
     []
     [
     ]
    }
    {0.0,{0.0,0.0,0.0}}
   }
   {
    {0.0,0.0,-0.16993654872092}
    0.0,
    "sphere",
    {3.00000000000000e-02}
    {0.0,0.0,{0.0,0.0,0.0}}
    {0.0,0.0,0.0,{0.0,0.0,0.0}{0.0,0.0,0.0}}
    {0.0,0.0,0.0,{0.0,0.0,0.0}{0.0,0.0,0.0}}
    {
     []
     [
     ]
    }
    {0.0,{0.0,0.0,0.0}}
   }
   {
    {0.0,0.0,-8.49682743604606e-02}
    0.0,
    "line",
    {0.0}
    {0.0,0.0,{0.0,0.0,0.0}}
    {0.0,0.0,0.0,{0.0,0.0,0.0}{0.0,0.0,0.0}}
    {0.0,0.0,0.0,{0.0,0.0,0.0}{0.0,0.0,0.0}}
    {
     []
     [
     ]
    }
    {8.49682743604606e-02,{0.0,0.0,1.00000000000000}}
   }
  ]
  []
  [{1.00000000000000,1.00000000000000,1.00000000000000,1.00000000000000}{1.00000000000000,0.0,0.0,1.00000000000000}{0.0,0.0,0.0,1.00000000000000}]
  {1.00000000000000,{0.0,0.0,-0.16993654872092}{2.88784305911780e-02,2.88784305911780e-02,0.0,0.0,0.0,0.0}}
 }
 {
  5,
  [
   {
    {0.0,0.0,-0.15661352330120}
    1.00000000000000,
    "point",
    {0.0}
    {0.0,0.0,{0.0,0.0,0.0}}
    {0.0,0.0,0.0,{0.0,0.0,0.0}{0.0,0.0,0.0}}
    {0.0,0.0,0.0,{0.0,0.0,0.0}{0.0,0.0,0.0}}
    {
     []
     [
     ]
    }
    {0.0,{0.0,0.0,0.0}}
   }
   {
    {0.0,0.0,-0.15661352330120}
    0.0,
    "sphere",
    {3.00000000000000e-02}
    {0.0,0.0,{0.0,0.0,0.0}}
    {0.0,0.0,0.0,{0.0,0.0,0.0}{0.0,0.0,0.0}}
    {0.0,0.0,0.0,{0.0,0.0,0.0}{0.0,0.0,0.0}}
    {
     []
     [
     ]
    }
    {0.0,{0.0,0.0,0.0}}
   }
   {
    {0.0,0.0,-7.83067616506005e-02}
    0.0,
    "line",
    {0.0}
    {0.0,0.0,{0.0,0.0,0.0}}
    {0.0,0.0,0.0,{0.0,0.0,0.0}{0.0,0.0,0.0}}
    {0.0,0.0,0.0,{0.0,0.0,0.0}{0.0,0.0,0.0}}
    {
     []
     [
     ]
    }
    {7.83067616506005e-02,{0.0,0.0,1.00000000000000}}
   }
  ]
  []
  [{1.00000000000000,1.00000000000000,1.00000000000000,1.00000000000000}{0.0,0.0,1.00000000000000,1.00000000000000}{0.0,0.0,0.0,1.00000000000000}]
  {1.00000000000000,{0.0,0.0,-0.15661352330120}{2.45277956808158e-02,2.45277956808158e-02,0.0,0.0,0.0,0.0}}
 }
 {
  6,
  [
   {
    {0.0,0.0,-0.14479800601073}
    1.00000000000000,
    "point",
    {0.0}
    {0.0,0.0,{0.0,0.0,0.0}}
    {0.0,0.0,0.0,{0.0,0.0,0.0}{0.0,0.0,0.0}}
    {0.0,0.0,0.0,{0.0,0.0,0.0}{0.0,0.0,0.0}}
    {
     []
     [
     ]
    }
    {0.0,{0.0,0.0,0.0}}
   }
   {
    {0.0,0.0,-0.14479800601073}
    0.0,
    "sphere",
    {3.00000000000000e-02}
    {0.0,0.0,{0.0,0.0,0.0}}
    {0.0,0.0,0.0,{0.0,0.0,0.0}{0.0,0.0,0.0}}
    {0.0,0.0,0.0,{0.0,0.0,0.0}{0.0,0.0,0.0}}
    {
     []
     [
     ]
    }
    {0.0,{0.0,0.0,0.0}}
   }
   {
    {0.0,0.0,-7.23990030053629e-02}
    0.0,
    "line",
    {0.0}
    {0.0,0.0,{0.0,0.0,0.0}}
    {0.0,0.0,0.0,{0.0,0.0,0.0}{0.0,0.0,0.0}}
    {0.0,0.0,0.0,{0.0,0.0,0.0}{0.0,0.0,0.0}}
    {
     []
     [
     ]
    }
    {7.23990030053629e-02,{0.0,0.0,1.00000000000000}}
   }
  ]
  []
  [{1.00000000000000,1.00000000000000,1.00000000000000,1.00000000000000}{1.00000000000000,0.0,0.0,1.00000000000000}{0.0,0.0,0.0,1.00000000000000}]
  {1.00000000000000,{0.0,0.0,-0.14479800601073}{2.09664625446822e-02,2.09664625446822e-02,0.0,0.0,0.0,0.0}}
 }
 {
  7,
  [
   {
    {0.0,0.0,-0.13427085331036}
    1.00000000000000,
    "point",
    {0.0}
    {0.0,0.0,{0.0,0.0,0.0}}
    {0.0,0.0,0.0,{0.0,0.0,0.0}{0.0,0.0,0.0}}
    {0.0,0.0,0.0,{0.0,0.0,0.0}{0.0,0.0,0.0}}
    {
     []
     [
     ]
    }
    {0.0,{0.0,0.0,0.0}}
   }
   {
    {0.0,0.0,-0.13427085331036}
    0.0,
    "sphere",
    {3.00000000000000e-02}
    {0.0,0.0,{0.0,0.0,0.0}}
    {0.0,0.0,0.0,{0.0,0.0,0.0}{0.0,0.0,0.0}}
    {0.0,0.0,0.0,{0.0,0.0,0.0}{0.0,0.0,0.0}}
    {
     []
     [
     ]
    }
    {0.0,{0.0,0.0,0.0}}
   }
   {
    {0.0,0.0,-6.71354266551787e-02}
    0.0,
    "line",
    {0.0}
    {0.0,0.0,{0.0,0.0,0.0}}
    {0.0,0.0,0.0,{0.0,0.0,0.0}{0.0,0.0,0.0}}
    {0.0,0.0,0.0,{0.0,0.0,0.0}{0.0,0.0,0.0}}
    {
     []
     [
     ]
    }
    {6.71354266551787e-02,{0.0,0.0,1.00000000000000}}
   }
  ]
  []
  [{1.00000000000000,1.00000000000000,1.00000000000000,1.00000000000000}{0.0,0.0,1.00000000000000,1.00000000000000}{0.0,0.0,0.0,1.00000000000000}]
  {1.00000000000000,{0.0,0.0,-0.13427085331036}{1.80286620486915e-02,1.80286620486915e-02,0.0,0.0,0.0,0.0}}
 }
 {
  8,
  [
   {
    {0.0,0.0,-0.12485134191741}
    1.00000000000000,
    "point",
    {0.0}
    {0.0,0.0,{0.0,0.0,0.0}}
    {0.0,0.0,0.0,{0.0,0.0,0.0}{0.0,0.0,0.0}}
    {0.0,0.0,0.0,{0.0,0.0,0.0}{0.0,0.0,0.0}}
    {
     []
     [
     ]
    }
    {0.0,{0.0,0.0,0.0}}
   }
   {
    {0.0,0.0,-0.12485134191741}
    0.0,
    "sphere",
    {3.00000000000000e-02}
    {0.0,0.0,{0.0,0.0,0.0}}
    {0.0,0.0,0.0,{0.0,0.0,0.0}{0.0,0.0,0.0}}
    {0.0,0.0,0.0,{0.0,0.0,0.0}{0.0,0.0,0.0}}
    {
     []
     [
     ]
    }
    {0.0,{0.0,0.0,0.0}}
   }
   {
    {0.0,0.0,-6.24256709587057e-02}
    0.0,
    "line",
    {0.0}
    {0.0,0.0,{0.0,0.0,0.0}}
    {0.0,0.0,0.0,{0.0,0.0,0.0}{0.0,0.0,0.0}}
    {0.0,0.0,0.0,{0.0,0.0,0.0}{0.0,0.0,0.0}}
    {
     []
     [
     ]
    }
    {6.24256709587057e-02,{0.0,0.0,1.00000000000000}}
   }
  ]
  []
  [{1.00000000000000,1.00000000000000,1.00000000000000,1.00000000000000}{1.00000000000000,0.0,0.0,1.00000000000000}{0.0,0.0,0.0,1.00000000000000}]
  {1.00000000000000,{0.0,0.0,-0.12485134191741}{1.55878575785784e-02,1.55878575785784e-02,0.0,0.0,0.0,0.0}}
 }
 {
  9,
  [
   {
    {0.0,0.0,-0.11638936036058}
    1.00000000000000,
    "point",
    {0.0}
    {0.0,0.0,{0.0,0.0,0.0}}
    {0.0,0.0,0.0,{0.0,0.0,0.0}{0.0,0.0,0.0}}
    {0.0,0.0,0.0,{0.0,0.0,0.0}{0.0,0.0,0.0}}
    {
     []
     [
     ]
    }
    {0.0,{0.0,0.0,0.0}}
   }
   {
    {0.0,0.0,-0.11638936036058}
    0.0,
    "sphere",
    {3.00000000000000e-02}
    {0.0,0.0,{0.0,0.0,0.0}}
    {0.0,0.0,0.0,{0.0,0.0,0.0}{0.0,0.0,0.0}}
    {0.0,0.0,0.0,{0.0,0.0,0.0}{0.0,0.0,0.0}}
    {
     []
     [
     ]
    }
    {0.0,{0.0,0.0,0.0}}
   }
   {
    {0.0,0.0,-5.81946801802917e-02}
    0.0,
    "line",
    {0.0}
    {0.0,0.0,{0.0,0.0,0.0}}
    {0.0,0.0,0.0,{0.0,0.0,0.0}{0.0,0.0,0.0}}
    {0.0,0.0,0.0,{0.0,0.0,0.0}{0.0,0.0,0.0}}
    {
     []
     [
     ]
    }
    {5.81946801802917e-02,{0.0,0.0,1.00000000000000}}
   }
  ]
  []
  [{1.00000000000000,1.00000000000000,1.00000000000000,1.00000000000000}{0.0,0.0,1.00000000000000,1.00000000000000}{0.0,0.0,0.0,1.00000000000000}]
  {1.00000000000000,{0.0,0.0,-0.11638936036058}{1.35464832051457e-02,1.35464832051457e-02,0.0,0.0,0.0,0.0}}
 }
 {
  10,
  [
   {
    {0.0,0.0,-0.10875939118139}
    1.00000000000000,
    "point",
    {0.0}
    {0.0,0.0,{0.0,0.0,0.0}}
    {0.0,0.0,0.0,{0.0,0.0,0.0}{0.0,0.0,0.0}}
    {0.0,0.0,0.0,{0.0,0.0,0.0}{0.0,0.0,0.0}}
    {
     []
     [
     ]
    }
    {0.0,{0.0,0.0,0.0}}
   }
   {
    {0.0,0.0,-0.10875939118139}
    0.0,
    "sphere",
    {3.00000000000000e-02}
    {0.0,0.0,{0.0,0.0,0.0}}
    {0.0,0.0,0.0,{0.0,0.0,0.0}{0.0,0.0,0.0}}
    {0.0,0.0,0.0,{0.0,0.0,0.0}{0.0,0.0,0.0}}
    {
     []
     [
     ]
    }
    {0.0,{0.0,0.0,0.0}}
   }
   {
    {0.0,0.0,-5.43796955906948e-02}
    0.0,
    "line",
    {0.0}
    {0.0,0.0,{0.0,0.0,0.0}}
    {0.0,0.0,0.0,{0.0,0.0,0.0}{0.0,0.0,0.0}}
    {0.0,0.0,0.0,{0.0,0.0,0.0}{0.0,0.0,0.0}}
    {
     []
     [
     ]
    }
    {5.43796955906948e-02,{0.0,0.0,1.00000000000000}}
   }
  ]
  []
  [{1.00000000000000,1.00000000000000,1.00000000000000,1.00000000000000}{1.00000000000000,0.0,0.0,1.00000000000000}{0.0,0.0,0.0,1.00000000000000}]
  {1.00000000000000,{0.0,0.0,-0.10875939118139}{1.18286051701465e-02,1.18286051701465e-02,0.0,0.0,0.0,0.0}}
 }
 {
  11,
  [
   {
    {0.0,0.0,-0.10185582941025}
    1.00000000000000,
    "point",
    {0.0}
    {0.0,0.0,{0.0,0.0,0.0}}
    {0.0,0.0,0.0,{0.0,0.0,0.0}{0.0,0.0,0.0}}
    {0.0,0.0,0.0,{0.0,0.0,0.0}{0.0,0.0,0.0}}
    {
     []
     [
     ]
    }
    {0.0,{0.0,0.0,0.0}}
   }
   {
    {0.0,0.0,-0.10185582941025}
    0.0,
    "sphere",
    {3.00000000000000e-02}
    {0.0,0.0,{0.0,0.0,0.0}}
    {0.0,0.0,0.0,{0.0,0.0,0.0}{0.0,0.0,0.0}}
    {0.0,0.0,0.0,{0.0,0.0,0.0}{0.0,0.0,0.0}}
    {
     []
     [
     ]
    }
    {0.0,{0.0,0.0,0.0}}
   }
   {
    {0.0,0.0,-5.09279147051252e-02}
    0.0,
    "line",
    {0.0}
    {0.0,0.0,{0.0,0.0,0.0}}
    {0.0,0.0,0.0,{0.0,0.0,0.0}{0.0,0.0,0.0}}
    {0.0,0.0,0.0,{0.0,0.0,0.0}{0.0,0.0,0.0}}
    {
     []
     [
     ]
    }
    {5.09279147051252e-02,{0.0,0.0,1.00000000000000}}
   }
  ]
  []
  [{1.00000000000000,1.00000000000000,1.00000000000000,1.00000000000000}{0.0,0.0,1.00000000000000,1.00000000000000}{0.0,0.0,0.0,1.00000000000000}]
  {1.00000000000000,{0.0,0.0,-0.10185582941025}{1.03746099848500e-02,1.03746099848500e-02,0.0,0.0,0.0,0.0}}
 }
 {
  12,
  [
   {
    {0.0,0.0,-9.55893086555182e-02}
    1.00000000000000,
    "point",
    {0.0}
    {0.0,0.0,{0.0,0.0,0.0}}
    {0.0,0.0,0.0,{0.0,0.0,0.0}{0.0,0.0,0.0}}
    {0.0,0.0,0.0,{0.0,0.0,0.0}{0.0,0.0,0.0}}
    {
     []
     [
     ]
    }
    {0.0,{0.0,0.0,0.0}}
   }
   {
    {0.0,0.0,-9.55893086555182e-02}
    0.0,
    "sphere",
    {3.00000000000000e-02}
    {0.0,0.0,{0.0,0.0,0.0}}
    {0.0,0.0,0.0,{0.0,0.0,0.0}{0.0,0.0,0.0}}
    {0.0,0.0,0.0,{0.0,0.0,0.0}{0.0,0.0,0.0}}
    {
     []
     [
     ]
    }
    {0.0,{0.0,0.0,0.0}}
   }
   {
    {0.0,0.0,-4.77946543277591e-02}
    0.0,
    "line",
    {0.0}
    {0.0,0.0,{0.0,0.0,0.0}}
    {0.0,0.0,0.0,{0.0,0.0,0.0}{0.0,0.0,0.0}}
    {0.0,0.0,0.0,{0.0,0.0,0.0}{0.0,0.0,0.0}}
    {
     []
     [
     ]
    }
    {4.77946543277591e-02,{0.0,0.0,1.00000000000000}}
   }
  ]
  []
  [{1.00000000000000,1.00000000000000,1.00000000000000,1.00000000000000}{1.00000000000000,0.0,0.0,1.00000000000000}{0.0,0.0,0.0,1.00000000000000}]
  {1.00000000000000,{0.0,0.0,-9.55893086555182e-02}{9.13731592923992e-03,9.13731592923992e-03,0.0,0.0,0.0,0.0}}
 }
 {
  13,
  [
   {
    {0.0,0.0,-8.98837943647848e-02}
    1.00000000000000,
    "point",
    {0.0}
    {0.0,0.0,{0.0,0.0,0.0}}
    {0.0,0.0,0.0,{0.0,0.0,0.0}{0.0,0.0,0.0}}
    {0.0,0.0,0.0,{0.0,0.0,0.0}{0.0,0.0,0.0}}
    {
     []
     [
     ]
    }
    {0.0,{0.0,0.0,0.0}}
   }
   {
    {0.0,0.0,-8.98837943647848e-02}
    0.0,
    "sphere",
    {3.00000000000000e-02}
    {0.0,0.0,{0.0,0.0,0.0}}
    {0.0,0.0,0.0,{0.0,0.0,0.0}{0.0,0.0,0.0}}
    {0.0,0.0,0.0,{0.0,0.0,0.0}{0.0,0.0,0.0}}
    {
     []
     [
     ]
    }
    {0.0,{0.0,0.0,0.0}}
   }
   {
    {0.0,0.0,-4.49418971823924e-02}
    0.0,
    "line",
    {0.0}
    {0.0,0.0,{0.0,0.0,0.0}}
    {0.0,0.0,0.0,{0.0,0.0,0.0}{0.0,0.0,0.0}}
    {0.0,0.0,0.0,{0.0,0.0,0.0}{0.0,0.0,0.0}}
    {
     []
     [
     ]
    }
    {4.49418971823924e-02,{0.0,0.0,1.00000000000000}}
   }
  ]
  []
  [{1.00000000000000,1.00000000000000,1.00000000000000,1.00000000000000}{0.0,0.0,1.00000000000000,1.00000000000000}{0.0,0.0,0.0,1.00000000000000}]
  {1.00000000000000,{0.0,0.0,-8.98837943647848e-02}{8.07909648941092e-03,8.07909648941092e-03,0.0,0.0,0.0,0.0}}
 }
 {
  14,
  [
   {
    {0.0,0.0,-8.46742664907012e-02}
    1.00000000000000,
    "point",
    {0.0}
    {0.0,0.0,{0.0,0.0,0.0}}
    {0.0,0.0,0.0,{0.0,0.0,0.0}{0.0,0.0,0.0}}
    {0.0,0.0,0.0,{0.0,0.0,0.0}{0.0,0.0,0.0}}
    {
     []
     [
     ]
    }
    {0.0,{0.0,0.0,0.0}}
   }
   {
    {0.0,0.0,-8.46742664907012e-02}
    0.0,
    "sphere",
    {3.00000000000000e-02}
    {0.0,0.0,{0.0,0.0,0.0}}
    {0.0,0.0,0.0,{0.0,0.0,0.0}{0.0,0.0,0.0}}
    {0.0,0.0,0.0,{0.0,0.0,0.0}{0.0,0.0,0.0}}
    {
     []
     [
     ]
    }
    {0.0,{0.0,0.0,0.0}}
   }
   {
    {0.0,0.0,-4.23371332453506e-02}
    0.0,
    "line",
    {0.0}
    {0.0,0.0,{0.0,0.0,0.0}}
    {0.0,0.0,0.0,{0.0,0.0,0.0}{0.0,0.0,0.0}}
    {0.0,0.0,0.0,{0.0,0.0,0.0}{0.0,0.0,0.0}}
    {
     []
     [
     ]
    }
    {4.23371332453506e-02,{0.0,0.0,1.00000000000000}}
   }
  ]
  []
  [{1.00000000000000,1.00000000000000,1.00000000000000,1.00000000000000}{1.00000000000000,0.0,0.0,1.00000000000000}{0.0,0.0,0.0,1.00000000000000}]
  {1.00000000000000,{0.0,0.0,-8.46742664907012e-02}{7.16973140573829e-03,7.16973140573829e-03,0.0,0.0,0.0,0.0}}
 }
]
simulation:{
 {60000,10,1.00000000000000e-03}
 {{-0.50000000000000,-1.00000000000000e-01,-0.30000000000000}{0.50000000000000,2.00000000000000,0.0}}
 "4thOrderRungeKutta",
 "false",
 [{0,{0.0,0.0,0.0}{{0.86602540378444,0.0,0.50000000000000}{0.0,1.00000000000000,0.0}{-0.50000000000000,0.0,0.86602540378444}}{0.0,0.0,0.0}{"false",{0.0,0.0,0.0}}}{1,{0.0,1.00000000000000e-01,0.0}{{0.86602540378444,0.0,0.50000000000000}{0.0,1.00000000000000,0.0}{-0.50000000000000,0.0,0.86602540378444}}{0.0,0.0,0.0}{"false",{0.0,0.0,0.0}}}{2,{0.0,0.20000000000000,0.0}{{0.86602540378444,0.0,0.50000000000000}{0.0,1.00000000000000,0.0}{-0.50000000000000,0.0,0.86602540378444}}{0.0,0.0,0.0}{"false",{0.0,0.0,0.0}}}{3,{0.0,0.30000000000000,0.0}{{0.86602540378444,0.0,0.50000000000000}{0.0,1.00000000000000,0.0}{-0.50000000000000,0.0,0.86602540378444}}{0.0,0.0,0.0}{"false",{0.0,0.0,0.0}}}{4,{0.0,0.40000000000000,0.0}{{0.86602540378444,0.0,0.50000000000000}{0.0,1.00000000000000,0.0}{-0.50000000000000,0.0,0.86602540378444}}{0.0,0.0,0.0}{"false",{0.0,0.0,0.0}}}{5,{0.0,0.50000000000000,0.0}{{0.86602540378444,0.0,0.50000000000000}{0.0,1.00000000000000,0.0}{-0.50000000000000,0.0,0.86602540378444}}{0.0,0.0,0.0}{"false",{0.0,0.0,0.0}}}{6,{0.0,0.60000000000000,0.0}{{0.86602540378444,0.0,0.50000000000000}{0.0,1.00000000000000,0.0}{-0.50000000000000,0.0,0.86602540378444}}{0.0,0.0,0.0}{"false",{0.0,0.0,0.0}}}{7,{0.0,0.70000000000000,0.0}{{0.86602540378444,0.0,0.50000000000000}{0.0,1.00000000000000,0.0}{-0.50000000000000,0.0,0.86602540378444}}{0.0,0.0,0.0}{"false",{0.0,0.0,0.0}}}{8,{0.0,0.80000000000000,0.0}{{0.86602540378444,0.0,0.50000000000000}{0.0,1.00000000000000,0.0}{-0.50000000000000,0.0,0.86602540378444}}{0.0,0.0,0.0}{"false",{0.0,0.0,0.0}}}{9,{0.0,0.90000000000000,0.0}{{0.86602540378444,0.0,0.50000000000000}{0.0,1.00000000000000,0.0}{-0.50000000000000,0.0,0.86602540378444}}{0.0,0.0,0.0}{"false",{0.0,0.0,0.0}}}{10,{0.0,1.00000000000000,0.0}{{0.86602540378444,0.0,0.50000000000000}{0.0,1.00000000000000,0.0}{-0.50000000000000,0.0,0.86602540378444}}{0.0,0.0,0.0}{"false",{0.0,0.0,0.0}}}{11,{0.0,1.10000000000000,0.0}{{0.86602540378444,0.0,0.50000000000000}{0.0,1.00000000000000,0.0}{-0.50000000000000,0.0,0.86602540378444}}{0.0,0.0,0.0}{"false",{0.0,0.0,0.0}}}{12,{0.0,1.20000000000000,0.0}{{0.86602540378444,0.0,0.50000000000000}{0.0,1.00000000000000,0.0}{-0.50000000000000,0.0,0.86602540378444}}{0.0,0.0,0.0}{"false",{0.0,0.0,0.0}}}{13,{0.0,1.30000000000000,0.0}{{0.86602540378444,0.0,0.50000000000000}{0.0,1.00000000000000,0.0}{-0.50000000000000,0.0,0.86602540378444}}{0.0,0.0,0.0}{"false",{0.0,0.0,0.0}}}{14,{0.0,1.40000000000000,0.0}{{0.86602540378444,0.0,0.50000000000000}{0.0,1.00000000000000,0.0}{-0.50000000000000,0.0,0.86602540378444}}{0.0,0.0,0.0}{"false",{0.0,0.0,0.0}}}]
 []
 {0.0,0.0,-10.0000000000000}
 {"false",{{0.0,0.0,0.0}}{0.0,{0.0,0.0,0.0}{0.0,0.0,0.0}}}
 10.0000000000000,
 {"false",0.0}
}
\end{data}
