\include {"pem1_3_def.udf"}


\begin{data}
body[]:[
 {
  0,
  [
   {
    {0.0,0.0,-8.15695433860421e-02}
    1.00000000000000,
    "point",
    {0.0}
    {0.0,0.0,{0.0,0.0,0.0}}
    {0.0,0.0,0.0,{0.0,0.0,0.0}{0.0,0.0,0.0}}
    {0.0,0.0,0.0,{0.0,0.0,0.0}{0.0,0.0,0.0}}
    {
     []
     [
     ]
    }
    {0.0,{0.0,0.0,0.0}}
   }
   {
    {0.0,0.0,-8.15695433860421e-02}
    0.0,
    "sphere",
    {3.00000000000000e-02}
    {0.0,0.0,{0.0,0.0,0.0}}
    {0.0,0.0,0.0,{0.0,0.0,0.0}{0.0,0.0,0.0}}
    {0.0,0.0,0.0,{0.0,0.0,0.0}{0.0,0.0,0.0}}
    {
     []
     [
     ]
    }
    {0.0,{0.0,0.0,0.0}}
   }
   {
    {0.0,0.0,-4.07847716930211e-02}
    0.0,
    "line",
    {0.0}
    {0.0,0.0,{0.0,0.0,0.0}}
    {0.0,0.0,0.0,{0.0,0.0,0.0}{0.0,0.0,0.0}}
    {0.0,0.0,0.0,{0.0,0.0,0.0}{0.0,0.0,0.0}}
    {
     []
     [
     ]
    }
    {4.07847716930211e-02,{0.0,0.0,1.00000000000000}}
   }
  ]
  []
  [{1.00000000000000,1.00000000000000,1.00000000000000,1.00000000000000}{1.00000000000000,0.0,0.0,1.00000000000000}{0.0,0.0,0.0,1.00000000000000}]
  {1.00000000000000,{0.0,0.0,-8.15695433860421e-02}{6.65359040820741e-03,6.65359040820741e-03,0.0,0.0,0.0,0.0}}
 }
 {
  1,
  [
   {
    {0.0,0.0,-7.39859803955031e-02}
    1.00000000000000,
    "point",
    {0.0}
    {0.0,0.0,{0.0,0.0,0.0}}
    {0.0,0.0,0.0,{0.0,0.0,0.0}{0.0,0.0,0.0}}
    {0.0,0.0,0.0,{0.0,0.0,0.0}{0.0,0.0,0.0}}
    {
     []
     [
     ]
    }
    {0.0,{0.0,0.0,0.0}}
   }
   {
    {0.0,0.0,-7.39859803955031e-02}
    0.0,
    "sphere",
    {3.00000000000000e-02}
    {0.0,0.0,{0.0,0.0,0.0}}
    {0.0,0.0,0.0,{0.0,0.0,0.0}{0.0,0.0,0.0}}
    {0.0,0.0,0.0,{0.0,0.0,0.0}{0.0,0.0,0.0}}
    {
     []
     [
     ]
    }
    {0.0,{0.0,0.0,0.0}}
   }
   {
    {0.0,0.0,-3.69929901977515e-02}
    0.0,
    "line",
    {0.0}
    {0.0,0.0,{0.0,0.0,0.0}}
    {0.0,0.0,0.0,{0.0,0.0,0.0}{0.0,0.0,0.0}}
    {0.0,0.0,0.0,{0.0,0.0,0.0}{0.0,0.0,0.0}}
    {
     []
     [
     ]
    }
    {3.69929901977515e-02,{0.0,0.0,1.00000000000000}}
   }
  ]
  []
  [{1.00000000000000,1.00000000000000,1.00000000000000,1.00000000000000}{0.0,0.0,1.00000000000000,1.00000000000000}{0.0,0.0,0.0,1.00000000000000}]
  {1.00000000000000,{0.0,0.0,-7.39859803955031e-02}{5.47392529508376e-03,5.47392529508376e-03,0.0,0.0,0.0,0.0}}
 }
 {
  2,
  [
   {
    {0.0,0.0,-6.74128457735885e-02}
    1.00000000000000,
    "point",
    {0.0}
    {0.0,0.0,{0.0,0.0,0.0}}
    {0.0,0.0,0.0,{0.0,0.0,0.0}{0.0,0.0,0.0}}
    {0.0,0.0,0.0,{0.0,0.0,0.0}{0.0,0.0,0.0}}
    {
     []
     [
     ]
    }
    {0.0,{0.0,0.0,0.0}}
   }
   {
    {0.0,0.0,-6.74128457735885e-02}
    0.0,
    "sphere",
    {3.00000000000000e-02}
    {0.0,0.0,{0.0,0.0,0.0}}
    {0.0,0.0,0.0,{0.0,0.0,0.0}{0.0,0.0,0.0}}
    {0.0,0.0,0.0,{0.0,0.0,0.0}{0.0,0.0,0.0}}
    {
     []
     [
     ]
    }
    {0.0,{0.0,0.0,0.0}}
   }
   {
    {0.0,0.0,-3.37064228867943e-02}
    0.0,
    "line",
    {0.0}
    {0.0,0.0,{0.0,0.0,0.0}}
    {0.0,0.0,0.0,{0.0,0.0,0.0}{0.0,0.0,0.0}}
    {0.0,0.0,0.0,{0.0,0.0,0.0}{0.0,0.0,0.0}}
    {
     []
     [
     ]
    }
    {3.37064228867943e-02,{0.0,0.0,1.00000000000000}}
   }
  ]
  []
  [{1.00000000000000,1.00000000000000,1.00000000000000,1.00000000000000}{1.00000000000000,0.0,0.0,1.00000000000000}{0.0,0.0,0.0,1.00000000000000}]
  {1.00000000000000,{0.0,0.0,-6.74128457735885e-02}{4.54449177529363e-03,4.54449177529363e-03,0.0,0.0,0.0,0.0}}
 }
 {
  3,
  [
   {
    {0.0,0.0,-6.16782936756462e-02}
    1.00000000000000,
    "point",
    {0.0}
    {0.0,0.0,{0.0,0.0,0.0}}
    {0.0,0.0,0.0,{0.0,0.0,0.0}{0.0,0.0,0.0}}
    {0.0,0.0,0.0,{0.0,0.0,0.0}{0.0,0.0,0.0}}
    {
     []
     [
     ]
    }
    {0.0,{0.0,0.0,0.0}}
   }
   {
    {0.0,0.0,-6.16782936756462e-02}
    0.0,
    "sphere",
    {3.00000000000000e-02}
    {0.0,0.0,{0.0,0.0,0.0}}
    {0.0,0.0,0.0,{0.0,0.0,0.0}{0.0,0.0,0.0}}
    {0.0,0.0,0.0,{0.0,0.0,0.0}{0.0,0.0,0.0}}
    {
     []
     [
     ]
    }
    {0.0,{0.0,0.0,0.0}}
   }
   {
    {0.0,0.0,-3.08391468378231e-02}
    0.0,
    "line",
    {0.0}
    {0.0,0.0,{0.0,0.0,0.0}}
    {0.0,0.0,0.0,{0.0,0.0,0.0}{0.0,0.0,0.0}}
    {0.0,0.0,0.0,{0.0,0.0,0.0}{0.0,0.0,0.0}}
    {
     []
     [
     ]
    }
    {3.08391468378231e-02,{0.0,0.0,1.00000000000000}}
   }
  ]
  []
  [{1.00000000000000,1.00000000000000,1.00000000000000,1.00000000000000}{0.0,0.0,1.00000000000000,1.00000000000000}{0.0,0.0,0.0,1.00000000000000}]
  {1.00000000000000,{0.0,0.0,-6.16782936756462e-02}{3.80421191073926e-03,3.80421191073926e-03,0.0,0.0,0.0,0.0}}
 }
 {
  4,
  [
   {
    {0.0,0.0,-5.66455162403070e-02}
    1.00000000000000,
    "point",
    {0.0}
    {0.0,0.0,{0.0,0.0,0.0}}
    {0.0,0.0,0.0,{0.0,0.0,0.0}{0.0,0.0,0.0}}
    {0.0,0.0,0.0,{0.0,0.0,0.0}{0.0,0.0,0.0}}
    {
     []
     [
     ]
    }
    {0.0,{0.0,0.0,0.0}}
   }
   {
    {0.0,0.0,-5.66455162403070e-02}
    0.0,
    "sphere",
    {3.00000000000000e-02}
    {0.0,0.0,{0.0,0.0,0.0}}
    {0.0,0.0,0.0,{0.0,0.0,0.0}{0.0,0.0,0.0}}
    {0.0,0.0,0.0,{0.0,0.0,0.0}{0.0,0.0,0.0}}
    {
     []
     [
     ]
    }
    {0.0,{0.0,0.0,0.0}}
   }
   {
    {0.0,0.0,-2.83227581201535e-02}
    0.0,
    "line",
    {0.0}
    {0.0,0.0,{0.0,0.0,0.0}}
    {0.0,0.0,0.0,{0.0,0.0,0.0}{0.0,0.0,0.0}}
    {0.0,0.0,0.0,{0.0,0.0,0.0}{0.0,0.0,0.0}}
    {
     []
     [
     ]
    }
    {2.83227581201535e-02,{0.0,0.0,1.00000000000000}}
   }
  ]
  []
  [{1.00000000000000,1.00000000000000,1.00000000000000,1.00000000000000}{1.00000000000000,0.0,0.0,1.00000000000000}{0.0,0.0,0.0,1.00000000000000}]
  {1.00000000000000,{0.0,0.0,-5.66455162403070e-02}{3.20871451013089e-03,3.20871451013089e-03,0.0,0.0,0.0,0.0}}
 }
 {
  5,
  [
   {
    {0.0,0.0,-5.22045077670670e-02}
    1.00000000000000,
    "point",
    {0.0}
    {0.0,0.0,{0.0,0.0,0.0}}
    {0.0,0.0,0.0,{0.0,0.0,0.0}{0.0,0.0,0.0}}
    {0.0,0.0,0.0,{0.0,0.0,0.0}{0.0,0.0,0.0}}
    {
     []
     [
     ]
    }
    {0.0,{0.0,0.0,0.0}}
   }
   {
    {0.0,0.0,-5.22045077670670e-02}
    0.0,
    "sphere",
    {3.00000000000000e-02}
    {0.0,0.0,{0.0,0.0,0.0}}
    {0.0,0.0,0.0,{0.0,0.0,0.0}{0.0,0.0,0.0}}
    {0.0,0.0,0.0,{0.0,0.0,0.0}{0.0,0.0,0.0}}
    {
     []
     [
     ]
    }
    {0.0,{0.0,0.0,0.0}}
   }
   {
    {0.0,0.0,-2.61022538835335e-02}
    0.0,
    "line",
    {0.0}
    {0.0,0.0,{0.0,0.0,0.0}}
    {0.0,0.0,0.0,{0.0,0.0,0.0}{0.0,0.0,0.0}}
    {0.0,0.0,0.0,{0.0,0.0,0.0}{0.0,0.0,0.0}}
    {
     []
     [
     ]
    }
    {2.61022538835335e-02,{0.0,0.0,1.00000000000000}}
   }
  ]
  []
  [{1.00000000000000,1.00000000000000,1.00000000000000,1.00000000000000}{0.0,0.0,1.00000000000000,1.00000000000000}{0.0,0.0,0.0,1.00000000000000}]
  {1.00000000000000,{0.0,0.0,-5.22045077670670e-02}{2.72531063120176e-03,2.72531063120176e-03,0.0,0.0,0.0,0.0}}
 }
 {
  6,
  [
   {
    {0.0,0.0,-4.82660020035752e-02}
    1.00000000000000,
    "point",
    {0.0}
    {0.0,0.0,{0.0,0.0,0.0}}
    {0.0,0.0,0.0,{0.0,0.0,0.0}{0.0,0.0,0.0}}
    {0.0,0.0,0.0,{0.0,0.0,0.0}{0.0,0.0,0.0}}
    {
     []
     [
     ]
    }
    {0.0,{0.0,0.0,0.0}}
   }
   {
    {0.0,0.0,-4.82660020035752e-02}
    0.0,
    "sphere",
    {3.00000000000000e-02}
    {0.0,0.0,{0.0,0.0,0.0}}
    {0.0,0.0,0.0,{0.0,0.0,0.0}{0.0,0.0,0.0}}
    {0.0,0.0,0.0,{0.0,0.0,0.0}{0.0,0.0,0.0}}
    {
     []
     [
     ]
    }
    {0.0,{0.0,0.0,0.0}}
   }
   {
    {0.0,0.0,-2.41330010017876e-02}
    0.0,
    "line",
    {0.0}
    {0.0,0.0,{0.0,0.0,0.0}}
    {0.0,0.0,0.0,{0.0,0.0,0.0}{0.0,0.0,0.0}}
    {0.0,0.0,0.0,{0.0,0.0,0.0}{0.0,0.0,0.0}}
    {
     []
     [
     ]
    }
    {2.41330010017876e-02,{0.0,0.0,1.00000000000000}}
   }
  ]
  []
  [{1.00000000000000,1.00000000000000,1.00000000000000,1.00000000000000}{1.00000000000000,0.0,0.0,1.00000000000000}{0.0,0.0,0.0,1.00000000000000}]
  {1.00000000000000,{0.0,0.0,-4.82660020035752e-02}{2.32960694940913e-03,2.32960694940913e-03,0.0,0.0,0.0,0.0}}
 }
 {
  7,
  [
   {
    {0.0,0.0,-4.47569511034525e-02}
    1.00000000000000,
    "point",
    {0.0}
    {0.0,0.0,{0.0,0.0,0.0}}
    {0.0,0.0,0.0,{0.0,0.0,0.0}{0.0,0.0,0.0}}
    {0.0,0.0,0.0,{0.0,0.0,0.0}{0.0,0.0,0.0}}
    {
     []
     [
     ]
    }
    {0.0,{0.0,0.0,0.0}}
   }
   {
    {0.0,0.0,-4.47569511034525e-02}
    0.0,
    "sphere",
    {3.00000000000000e-02}
    {0.0,0.0,{0.0,0.0,0.0}}
    {0.0,0.0,0.0,{0.0,0.0,0.0}{0.0,0.0,0.0}}
    {0.0,0.0,0.0,{0.0,0.0,0.0}{0.0,0.0,0.0}}
    {
     []
     [
     ]
    }
    {0.0,{0.0,0.0,0.0}}
   }
   {
    {0.0,0.0,-2.23784755517262e-02}
    0.0,
    "line",
    {0.0}
    {0.0,0.0,{0.0,0.0,0.0}}
    {0.0,0.0,0.0,{0.0,0.0,0.0}{0.0,0.0,0.0}}
    {0.0,0.0,0.0,{0.0,0.0,0.0}{0.0,0.0,0.0}}
    {
     []
     [
     ]
    }
    {2.23784755517262e-02,{0.0,0.0,1.00000000000000}}
   }
  ]
  []
  [{1.00000000000000,1.00000000000000,1.00000000000000,1.00000000000000}{0.0,0.0,1.00000000000000,1.00000000000000}{0.0,0.0,0.0,1.00000000000000}]
  {1.00000000000000,{0.0,0.0,-4.47569511034525e-02}{2.00318467207684e-03,2.00318467207684e-03,0.0,0.0,0.0,0.0}}
 }
 {
  8,
  [
   {
    {0.0,0.0,-4.16171139724705e-02}
    1.00000000000000,
    "point",
    {0.0}
    {0.0,0.0,{0.0,0.0,0.0}}
    {0.0,0.0,0.0,{0.0,0.0,0.0}{0.0,0.0,0.0}}
    {0.0,0.0,0.0,{0.0,0.0,0.0}{0.0,0.0,0.0}}
    {
     []
     [
     ]
    }
    {0.0,{0.0,0.0,0.0}}
   }
   {
    {0.0,0.0,-4.16171139724705e-02}
    0.0,
    "sphere",
    {3.00000000000000e-02}
    {0.0,0.0,{0.0,0.0,0.0}}
    {0.0,0.0,0.0,{0.0,0.0,0.0}{0.0,0.0,0.0}}
    {0.0,0.0,0.0,{0.0,0.0,0.0}{0.0,0.0,0.0}}
    {
     []
     [
     ]
    }
    {0.0,{0.0,0.0,0.0}}
   }
   {
    {0.0,0.0,-2.08085569862352e-02}
    0.0,
    "line",
    {0.0}
    {0.0,0.0,{0.0,0.0,0.0}}
    {0.0,0.0,0.0,{0.0,0.0,0.0}{0.0,0.0,0.0}}
    {0.0,0.0,0.0,{0.0,0.0,0.0}{0.0,0.0,0.0}}
    {
     []
     [
     ]
    }
    {2.08085569862352e-02,{0.0,0.0,1.00000000000000}}
   }
  ]
  []
  [{1.00000000000000,1.00000000000000,1.00000000000000,1.00000000000000}{1.00000000000000,0.0,0.0,1.00000000000000}{0.0,0.0,0.0,1.00000000000000}]
  {1.00000000000000,{0.0,0.0,-4.16171139724705e-02}{1.73198417539760e-03,1.73198417539760e-03,0.0,0.0,0.0,0.0}}
 }
 {
  9,
  [
   {
    {0.0,0.0,-3.87964534535278e-02}
    1.00000000000000,
    "point",
    {0.0}
    {0.0,0.0,{0.0,0.0,0.0}}
    {0.0,0.0,0.0,{0.0,0.0,0.0}{0.0,0.0,0.0}}
    {0.0,0.0,0.0,{0.0,0.0,0.0}{0.0,0.0,0.0}}
    {
     []
     [
     ]
    }
    {0.0,{0.0,0.0,0.0}}
   }
   {
    {0.0,0.0,-3.87964534535278e-02}
    0.0,
    "sphere",
    {3.00000000000000e-02}
    {0.0,0.0,{0.0,0.0,0.0}}
    {0.0,0.0,0.0,{0.0,0.0,0.0}{0.0,0.0,0.0}}
    {0.0,0.0,0.0,{0.0,0.0,0.0}{0.0,0.0,0.0}}
    {
     []
     [
     ]
    }
    {0.0,{0.0,0.0,0.0}}
   }
   {
    {0.0,0.0,-1.93982267267639e-02}
    0.0,
    "line",
    {0.0}
    {0.0,0.0,{0.0,0.0,0.0}}
    {0.0,0.0,0.0,{0.0,0.0,0.0}{0.0,0.0,0.0}}
    {0.0,0.0,0.0,{0.0,0.0,0.0}{0.0,0.0,0.0}}
    {
     []
     [
     ]
    }
    {1.93982267267639e-02,{0.0,0.0,1.00000000000000}}
   }
  ]
  []
  [{1.00000000000000,1.00000000000000,1.00000000000000,1.00000000000000}{0.0,0.0,1.00000000000000,1.00000000000000}{0.0,0.0,0.0,1.00000000000000}]
  {1.00000000000000,{0.0,0.0,-3.87964534535278e-02}{1.50516480057175e-03,1.50516480057175e-03,0.0,0.0,0.0,0.0}}
 }
 {
  10,
  [
   {
    {0.0,0.0,-3.62531303937965e-02}
    1.00000000000000,
    "point",
    {0.0}
    {0.0,0.0,{0.0,0.0,0.0}}
    {0.0,0.0,0.0,{0.0,0.0,0.0}{0.0,0.0,0.0}}
    {0.0,0.0,0.0,{0.0,0.0,0.0}{0.0,0.0,0.0}}
    {
     []
     [
     ]
    }
    {0.0,{0.0,0.0,0.0}}
   }
   {
    {0.0,0.0,-3.62531303937965e-02}
    0.0,
    "sphere",
    {3.00000000000000e-02}
    {0.0,0.0,{0.0,0.0,0.0}}
    {0.0,0.0,0.0,{0.0,0.0,0.0}{0.0,0.0,0.0}}
    {0.0,0.0,0.0,{0.0,0.0,0.0}{0.0,0.0,0.0}}
    {
     []
     [
     ]
    }
    {0.0,{0.0,0.0,0.0}}
   }
   {
    {0.0,0.0,-1.81265651968983e-02}
    0.0,
    "line",
    {0.0}
    {0.0,0.0,{0.0,0.0,0.0}}
    {0.0,0.0,0.0,{0.0,0.0,0.0}{0.0,0.0,0.0}}
    {0.0,0.0,0.0,{0.0,0.0,0.0}{0.0,0.0,0.0}}
    {
     []
     [
     ]
    }
    {1.81265651968983e-02,{0.0,0.0,1.00000000000000}}
   }
  ]
  []
  [{1.00000000000000,1.00000000000000,1.00000000000000,1.00000000000000}{1.00000000000000,0.0,0.0,1.00000000000000}{0.0,0.0,0.0,1.00000000000000}]
  {1.00000000000000,{0.0,0.0,-3.62531303937965e-02}{1.31428946334961e-03,1.31428946334961e-03,0.0,0.0,0.0,0.0}}
 }
 {
  11,
  [
   {
    {0.0,0.0,-3.39519431367501e-02}
    1.00000000000000,
    "point",
    {0.0}
    {0.0,0.0,{0.0,0.0,0.0}}
    {0.0,0.0,0.0,{0.0,0.0,0.0}{0.0,0.0,0.0}}
    {0.0,0.0,0.0,{0.0,0.0,0.0}{0.0,0.0,0.0}}
    {
     []
     [
     ]
    }
    {0.0,{0.0,0.0,0.0}}
   }
   {
    {0.0,0.0,-3.39519431367501e-02}
    0.0,
    "sphere",
    {3.00000000000000e-02}
    {0.0,0.0,{0.0,0.0,0.0}}
    {0.0,0.0,0.0,{0.0,0.0,0.0}{0.0,0.0,0.0}}
    {0.0,0.0,0.0,{0.0,0.0,0.0}{0.0,0.0,0.0}}
    {
     []
     [
     ]
    }
    {0.0,{0.0,0.0,0.0}}
   }
   {
    {0.0,0.0,-1.69759715683751e-02}
    0.0,
    "line",
    {0.0}
    {0.0,0.0,{0.0,0.0,0.0}}
    {0.0,0.0,0.0,{0.0,0.0,0.0}{0.0,0.0,0.0}}
    {0.0,0.0,0.0,{0.0,0.0,0.0}{0.0,0.0,0.0}}
    {
     []
     [
     ]
    }
    {1.69759715683751e-02,{0.0,0.0,1.00000000000000}}
   }
  ]
  []
  [{1.00000000000000,1.00000000000000,1.00000000000000,1.00000000000000}{0.0,0.0,1.00000000000000,1.00000000000000}{0.0,0.0,0.0,1.00000000000000}]
  {1.00000000000000,{0.0,0.0,-3.39519431367501e-02}{1.15273444276111e-03,1.15273444276111e-03,0.0,0.0,0.0,0.0}}
 }
 {
  12,
  [
   {
    {0.0,0.0,-3.18631028851727e-02}
    1.00000000000000,
    "point",
    {0.0}
    {0.0,0.0,{0.0,0.0,0.0}}
    {0.0,0.0,0.0,{0.0,0.0,0.0}{0.0,0.0,0.0}}
    {0.0,0.0,0.0,{0.0,0.0,0.0}{0.0,0.0,0.0}}
    {
     []
     [
     ]
    }
    {0.0,{0.0,0.0,0.0}}
   }
   {
    {0.0,0.0,-3.18631028851727e-02}
    0.0,
    "sphere",
    {3.00000000000000e-02}
    {0.0,0.0,{0.0,0.0,0.0}}
    {0.0,0.0,0.0,{0.0,0.0,0.0}{0.0,0.0,0.0}}
    {0.0,0.0,0.0,{0.0,0.0,0.0}{0.0,0.0,0.0}}
    {
     []
     [
     ]
    }
    {0.0,{0.0,0.0,0.0}}
   }
   {
    {0.0,0.0,-1.59315514425864e-02}
    0.0,
    "line",
    {0.0}
    {0.0,0.0,{0.0,0.0,0.0}}
    {0.0,0.0,0.0,{0.0,0.0,0.0}{0.0,0.0,0.0}}
    {0.0,0.0,0.0,{0.0,0.0,0.0}{0.0,0.0,0.0}}
    {
     []
     [
     ]
    }
    {1.59315514425864e-02,{0.0,0.0,1.00000000000000}}
   }
  ]
  []
  [{1.00000000000000,1.00000000000000,1.00000000000000,1.00000000000000}{1.00000000000000,0.0,0.0,1.00000000000000}{0.0,0.0,0.0,1.00000000000000}]
  {1.00000000000000,{0.0,0.0,-3.18631028851727e-02}{1.01525732547110e-03,1.01525732547110e-03,0.0,0.0,0.0,0.0}}
 }
 {
  13,
  [
   {
    {0.0,0.0,-2.99612647882616e-02}
    1.00000000000000,
    "point",
    {0.0}
    {0.0,0.0,{0.0,0.0,0.0}}
    {0.0,0.0,0.0,{0.0,0.0,0.0}{0.0,0.0,0.0}}
    {0.0,0.0,0.0,{0.0,0.0,0.0}{0.0,0.0,0.0}}
    {
     []
     [
     ]
    }
    {0.0,{0.0,0.0,0.0}}
   }
   {
    {0.0,0.0,-2.99612647882616e-02}
    0.0,
    "sphere",
    {3.00000000000000e-02}
    {0.0,0.0,{0.0,0.0,0.0}}
    {0.0,0.0,0.0,{0.0,0.0,0.0}{0.0,0.0,0.0}}
    {0.0,0.0,0.0,{0.0,0.0,0.0}{0.0,0.0,0.0}}
    {
     []
     [
     ]
    }
    {0.0,{0.0,0.0,0.0}}
   }
   {
    {0.0,0.0,-1.49806323941308e-02}
    0.0,
    "line",
    {0.0}
    {0.0,0.0,{0.0,0.0,0.0}}
    {0.0,0.0,0.0,{0.0,0.0,0.0}{0.0,0.0,0.0}}
    {0.0,0.0,0.0,{0.0,0.0,0.0}{0.0,0.0,0.0}}
    {
     []
     [
     ]
    }
    {1.49806323941308e-02,{0.0,0.0,1.00000000000000}}
   }
  ]
  []
  [{1.00000000000000,1.00000000000000,1.00000000000000,1.00000000000000}{0.0,0.0,1.00000000000000,1.00000000000000}{0.0,0.0,0.0,1.00000000000000}]
  {1.00000000000000,{0.0,0.0,-2.99612647882616e-02}{8.97677387712323e-04,8.97677387712323e-04,0.0,0.0,0.0,0.0}}
 }
 {
  14,
  [
   {
    {0.0,0.0,-2.82247554969004e-02}
    1.00000000000000,
    "point",
    {0.0}
    {0.0,0.0,{0.0,0.0,0.0}}
    {0.0,0.0,0.0,{0.0,0.0,0.0}{0.0,0.0,0.0}}
    {0.0,0.0,0.0,{0.0,0.0,0.0}{0.0,0.0,0.0}}
    {
     []
     [
     ]
    }
    {0.0,{0.0,0.0,0.0}}
   }
   {
    {0.0,0.0,-2.82247554969004e-02}
    0.0,
    "sphere",
    {3.00000000000000e-02}
    {0.0,0.0,{0.0,0.0,0.0}}
    {0.0,0.0,0.0,{0.0,0.0,0.0}{0.0,0.0,0.0}}
    {0.0,0.0,0.0,{0.0,0.0,0.0}{0.0,0.0,0.0}}
    {
     []
     [
     ]
    }
    {0.0,{0.0,0.0,0.0}}
   }
   {
    {0.0,0.0,-1.41123777484502e-02}
    0.0,
    "line",
    {0.0}
    {0.0,0.0,{0.0,0.0,0.0}}
    {0.0,0.0,0.0,{0.0,0.0,0.0}{0.0,0.0,0.0}}
    {0.0,0.0,0.0,{0.0,0.0,0.0}{0.0,0.0,0.0}}
    {
     []
     [
     ]
    }
    {1.41123777484502e-02,{0.0,0.0,1.00000000000000}}
   }
  ]
  []
  [{1.00000000000000,1.00000000000000,1.00000000000000,1.00000000000000}{1.00000000000000,0.0,0.0,1.00000000000000}{0.0,0.0,0.0,1.00000000000000}]
  {1.00000000000000,{0.0,0.0,-2.82247554969004e-02}{7.96636822859809e-04,7.96636822859809e-04,0.0,0.0,0.0,0.0}}
 }
]
simulation:{
 {60000,10,1.00000000000000e-03}
 {{-0.50000000000000,-1.00000000000000e-01,-0.30000000000000}{0.50000000000000,2.00000000000000,0.0}}
 "4thOrderRungeKutta",
 "false",
 [{0,{0.0,0.0,0.0}{{-0.86602540378444,0.0,0.50000000000000}{0.0,1.00000000000000,0.0}{-0.50000000000000,0.0,-0.86602540378444}}{0.0,0.0,0.0}{"false",{0.0,0.0,0.0}}}{1,{0.0,1.00000000000000e-01,0.0}{{-0.86602540378444,0.0,0.50000000000000}{0.0,1.00000000000000,0.0}{-0.50000000000000,0.0,-0.86602540378444}}{0.0,0.0,0.0}{"false",{0.0,0.0,0.0}}}{2,{0.0,0.20000000000000,0.0}{{-0.86602540378444,0.0,0.50000000000000}{0.0,1.00000000000000,0.0}{-0.50000000000000,0.0,-0.86602540378444}}{0.0,0.0,0.0}{"false",{0.0,0.0,0.0}}}{3,{0.0,0.30000000000000,0.0}{{-0.86602540378444,0.0,0.50000000000000}{0.0,1.00000000000000,0.0}{-0.50000000000000,0.0,-0.86602540378444}}{0.0,0.0,0.0}{"false",{0.0,0.0,0.0}}}{4,{0.0,0.40000000000000,0.0}{{-0.86602540378444,0.0,0.50000000000000}{0.0,1.00000000000000,0.0}{-0.50000000000000,0.0,-0.86602540378444}}{0.0,0.0,0.0}{"false",{0.0,0.0,0.0}}}{5,{0.0,0.50000000000000,0.0}{{-0.86602540378444,0.0,0.50000000000000}{0.0,1.00000000000000,0.0}{-0.50000000000000,0.0,-0.86602540378444}}{0.0,0.0,0.0}{"false",{0.0,0.0,0.0}}}{6,{0.0,0.60000000000000,0.0}{{-0.86602540378444,0.0,0.50000000000000}{0.0,1.00000000000000,0.0}{-0.50000000000000,0.0,-0.86602540378444}}{0.0,0.0,0.0}{"false",{0.0,0.0,0.0}}}{7,{0.0,0.70000000000000,0.0}{{-0.86602540378444,0.0,0.50000000000000}{0.0,1.00000000000000,0.0}{-0.50000000000000,0.0,-0.86602540378444}}{0.0,0.0,0.0}{"false",{0.0,0.0,0.0}}}{8,{0.0,0.80000000000000,0.0}{{-0.86602540378444,0.0,0.50000000000000}{0.0,1.00000000000000,0.0}{-0.50000000000000,0.0,-0.86602540378444}}{0.0,0.0,0.0}{"false",{0.0,0.0,0.0}}}{9,{0.0,0.90000000000000,0.0}{{-0.86602540378444,0.0,0.50000000000000}{0.0,1.00000000000000,0.0}{-0.50000000000000,0.0,-0.86602540378444}}{0.0,0.0,0.0}{"false",{0.0,0.0,0.0}}}{10,{0.0,1.00000000000000,0.0}{{-0.86602540378444,0.0,0.50000000000000}{0.0,1.00000000000000,0.0}{-0.50000000000000,0.0,-0.86602540378444}}{0.0,0.0,0.0}{"false",{0.0,0.0,0.0}}}{11,{0.0,1.10000000000000,0.0}{{-0.86602540378444,0.0,0.50000000000000}{0.0,1.00000000000000,0.0}{-0.50000000000000,0.0,-0.86602540378444}}{0.0,0.0,0.0}{"false",{0.0,0.0,0.0}}}{12,{0.0,1.20000000000000,0.0}{{-0.86602540378444,0.0,0.50000000000000}{0.0,1.00000000000000,0.0}{-0.50000000000000,0.0,-0.86602540378444}}{0.0,0.0,0.0}{"false",{0.0,0.0,0.0}}}{13,{0.0,1.30000000000000,0.0}{{-0.86602540378444,0.0,0.50000000000000}{0.0,1.00000000000000,0.0}{-0.50000000000000,0.0,-0.86602540378444}}{0.0,0.0,0.0}{"false",{0.0,0.0,0.0}}}{14,{0.0,1.40000000000000,0.0}{{-0.86602540378444,0.0,0.50000000000000}{0.0,1.00000000000000,0.0}{-0.50000000000000,0.0,-0.86602540378444}}{0.0,0.0,0.0}{"false",{0.0,0.0,0.0}}}]
 []
 {0.0,0.0,-10.0000000000000}
 {"false",{{0.0,0.0,0.0}}{0.0,{0.0,0.0,0.0}{0.0,0.0,0.0}}}
 10.0000000000000,
 {"false",0.0}
}
\end{data}
