\include {"pem1_3_def.udf"}


\begin{data}
body[]:[
 {
  0,
  [
   {
    {0.0,0.0,0.0}
    1.00000000000000,
    "ellipsoid",
    {0.50000000000000}
    {0.60000000000000,0.25000000000000,{0.0,0.0,1.00000000000000}}
    {3.00000000000000,1.00000000000000,1.00000000000000,{1.00000000000000,0.0,0.0}{0.0,1.00000000000000,0.0}}
    {0.0,0.0,0.0,{0.0,0.0,0.0}{0.0,0.0,0.0}}
    {
     []
     [
     ]
    }
    {0.0,{0.0,0.0,0.0}}
   }
  ]
  [{{0.0,0.0,0.0}{1.00000000000000,0.0,0.0}}]
  [{1.00000000000000,0.0,0.0,1.00000000000000}]
  {1.00000000000000,{0.0,0.0,0.0}{0.40000000000000,2.00000000000000,2.00000000000000,0.0,0.0,0.0}}
 }
]
simulation:{
 {100000,100,1.00000000000000e-03}
 {{-5.00000000000000,-5.00000000000000,-5.00000000000000}{5.00000000000000,5.00000000000000,5.00000000000000}}
 "4thOrderRungeKutta",
 "false",
 [{0,{0.0,0.0,0.0}{{0.50000000000000,0.86602540378444,0.0}{-0.86602540378444,0.50000000000000,0.0}{0.0,0.0,1.00000000000000}}{0.0,0.0,0.0}{"false",{0.0,0.0,0.0}}}]
 []
 {0.0,0.0,0.0}
 {"constantField",{{0.86602540378444,0.50000000000000,0.0}}{0.0,{0.0,0.0,0.0}{0.0,0.0,0.0}}}
 10.0000000000000,
 {"false",0.0}
}
\end{data}

\begin{record}{"#0"}
\begin{data}
simulationResult:{
 [
  {
   {{0.50000000000000,0.86602540378444,0.0}{-0.86602540378444,0.50000000000000,0.0}{0.0,0.0,1.00000000000000}}
   {0.0,0.0,0.0}
   {0.0,0.0,0.0}
   {0.0,0.0,0.0}
   [{{0.0,0.0,0.0}{0.50000000000000,0.86602540378444,0.0}}]
  }
 ]
 [
 ]
 {0.0,0.0,0.0}
 {0.86602540378444,0.50000000000000,0.0}
 0.0
}
\end{data}
\end{record}

\begin{record}{"#1"}
\begin{data}
simulationResult:{
 [
  {
   {{0.50108175050508,0.86539995338038,0.0}{-0.86539995338038,0.50108175050508,0.0}{0.0,0.0,1.00000000000000}}
   {0.0,0.0,-2.49819578081132e-02}
   {0.0,0.0,-4.99639156162264e-02}
   {0.0,0.0,-0.49891746880951}
   [{{0.0,0.0,0.0}{0.50108175050508,0.86539995338038,0.0}}]
  }
 ]
 [
 ]
 {0.0,0.0,0.0}
 {0.86602540378444,0.50000000000000,0.0}
 0.0
}
\end{data}
\end{record}

\begin{record}{"#2"}
\begin{data}
simulationResult:{
 [
  {
   {{0.50431762710799,0.86351822852107,0.0}{-0.86351822852107,0.50431762710799,0.0}{0.0,0.0,1.00000000000000}}
   {0.0,0.0,-4.98556629472020e-02}
   {0.0,0.0,-9.97113258944039e-02}
   {0.0,0.0,-0.49566990897775}
   [{{0.0,0.0,0.0}{0.50431762710799,0.86351822852107,0.0}}]
  }
 ]
 [
 ]
 {0.0,0.0,0.0}
 {0.86602540378444,0.50000000000000,0.0}
 0.0
}
\end{data}
\end{record}

\begin{record}{"#3"}
\begin{data}
simulationResult:{
 [
  {
   {{0.50967950681849,0.86036434161887,0.0}{-0.86036434161887,0.50967950681849,0.0}{0.0,0.0,1.00000000000000}}
   {0.0,0.0,-7.45128694798863e-02}
   {0.0,0.0,-0.14902573895977}
   {0.0,0.0,-0.49025762294535}
   [{{0.0,0.0,0.0}{0.50967950681849,0.86036434161887,0.0}}]
  }
 ]
 [
 ]
 {0.0,0.0,0.0}
 {0.86602540378444,0.50000000000000,0.0}
 0.0
}
\end{data}
\end{record}

\begin{record}{"#4"}
\begin{data}
simulationResult:{
 [
  {
   {{0.51712053071291,0.85591258707604,0.0}{-0.85591258707604,0.51712053071291,0.0}{0.0,0.0,1.00000000000000}}
   {0.0,0.0,-9.88453649366034e-02}
   {0.0,0.0,-0.19769072987321}
   {0.0,0.0,-0.48268177847348}
   [{{0.0,0.0,0.0}{0.51712053071291,0.85591258707604,0.0}}]
  }
 ]
 [
 ]
 {0.0,0.0,0.0}
 {0.86602540378444,0.50000000000000,0.0}
 0.0
}
\end{data}
\end{record}

\begin{record}{"#5"}
\begin{data}
simulationResult:{
 [
  {
   {{0.52657514680949,0.85012858719288,0.0}{-0.85012858719288,0.52657514680949,0.0}{0.0,0.0,1.00000000000000}}
   {0.0,0.0,-0.12274503635805}
   {0.0,0.0,-0.24549007271609}
   {0.0,0.0,-0.47294537959176}
   [{{0.0,0.0,0.0}{0.52657514680949,0.85012858719288,0.0}}]
  }
 ]
 [
 ]
 {0.0,0.0,0.0}
 {0.86602540378444,0.50000000000000,0.0}
 0.0
}
\end{data}
\end{record}

\begin{record}{"#6"}
\begin{data}
simulationResult:{
 [
  {
   {{0.53795921629611,0.84297086640173,0.0}{-0.84297086640173,0.53795921629611,0.0}{0.0,0.0,1.00000000000000}}
   {0.0,0.0,-0.14610399354166}
   {0.0,0.0,-0.29220798708332}
   {0.0,0.0,-0.46105457681103}
   [{{0.0,0.0,0.0}{0.53795921629611,0.84297086640173,0.0}}]
  }
 ]
 [
 ]
 {0.0,0.0,0.0}
 {0.86602540378444,0.50000000000000,0.0}
 0.0
}
\end{data}
\end{record}

\begin{record}{"#7"}
\begin{data}
simulationResult:{
 [
  {
   {{0.55117022612968,0.83439282225350,0.0}{-0.83439282225350,0.55117022612968,0.0}{0.0,0.0,1.00000000000000}}
   {0.0,0.0,-0.16881476529091}
   {0.0,0.0,-0.33762953058181}
   {0.0,0.0,-0.44702026774806}
   [{{0.0,0.0,0.0}{0.55117022612968,0.83439282225350,0.0}}]
  }
 ]
 [
 ]
 {0.0,0.0,0.0}
 {0.86602540378444,0.50000000000000,0.0}
 0.0
}
\end{data}
\end{record}

\begin{record}{"#8"}
\begin{data}
simulationResult:{
 [
  {
   {{0.56608765880002,0.82434505066405,0.0}{-0.82434505066405,0.56608765880002,0.0}{0.0,0.0,1.00000000000000}}
   {0.0,0.0,-0.19077058168717}
   {0.0,0.0,-0.38154116337434}
   {0.0,0.0,-0.43085992596600}
   [{{0.0,0.0,0.0}{0.56608765880002,0.82434505066405,0.0}}]
  }
 ]
 [
 ]
 {0.0,0.0,0.0}
 {0.86602540378444,0.50000000000000,0.0}
 0.0
}
\end{data}
\end{record}

\begin{record}{"#9"}
\begin{data}
simulationResult:{
 [
  {
   {{0.58257357451644,0.81277797108137,0.0}{-0.81277797108137,0.58257357451644,0.0}{0.0,0.0,1.00000000000000}}
   {0.0,0.0,-0.21186575197748}
   {0.0,0.0,-0.42373150395497}
   {0.0,0.0,-0.41259958334265}
   [{{0.0,0.0,0.0}{0.58257357451644,0.81277797108137,0.0}}]
  }
 ]
 [
 ]
 {0.0,0.0,0.0}
 {0.86602540378444,0.50000000000000,0.0}
 0.0
}
\end{data}
\end{record}

\begin{record}{"#10"}
\begin{data}
simulationResult:{
 [
  {
   {{0.60047346163020,0.79964468476808,0.0}{-0.79964468476808,0.60047346163020,0.0}{0.0,0.0,1.00000000000000}}
   {0.0,0.0,-0.23199614365272}
   {0.0,0.0,-0.46399228730544}
   {0.0,0.0,-0.39227588020438}
   [{{0.0,0.0,0.0}{0.60047346163020,0.79964468476808,0.0}}]
  }
 ]
 [
 ]
 {0.0,0.0,0.0}
 {0.86602540378444,0.50000000000000,0.0}
 0.0
}
\end{data}
\end{record}

\begin{record}{"#11"}
\begin{data}
simulationResult:{
 [
  {
   {{0.61961740728903,0.78490398685726,0.0}{-0.78490398685726,0.61961740728903,0.0}{0.0,0.0,1.00000000000000}}
   {0.0,0.0,-0.25105976376858}
   {0.0,0.0,-0.50211952753717}
   {0.0,0.0,-0.36993808851580}
   [{{0.0,0.0,0.0}{0.61961740728903,0.78490398685726,0.0}}]
  }
 ]
 [
 ]
 {0.0,0.0,0.0}
 {0.86602540378444,0.50000000000000,0.0}
 0.0
}
\end{data}
\end{record}

\begin{record}{"#12"}
\begin{data}
simulationResult:{
 [
  {
   {{0.63982163186508,0.76852344102018,0.0}{-0.76852344102018,0.63982163186508,0.0}{0.0,0.0,1.00000000000000}}
   {0.0,0.0,-0.26895743866201}
   {0.0,0.0,-0.53791487732402}
   {0.0,0.0,-0.34565000740614}
   [{{0.0,0.0,0.0}{0.63982163186508,0.76852344102018,0.0}}]
  }
 ]
 [
 ]
 {0.0,0.0,0.0}
 {0.86602540378444,0.50000000000000,0.0}
 0.0
}
\end{data}
\end{record}

\begin{record}{"#13"}
\begin{data}
simulationResult:{
 [
  {
   {{0.66089041760819,0.75048241545933,0.0}{-0.75048241545933,0.66089041760819,0.0}{0.0,0.0,1.00000000000000}}
   {0.0,0.0,-0.28559358310653}
   {0.0,0.0,-0.57118716621306}
   {0.0,0.0,-0.31949162808970}
   [{{0.0,0.0,0.0}{0.66089041760819,0.75048241545933,0.0}}]
  }
 ]
 [
 ]
 {0.0,0.0,0.0}
 {0.86602540378444,0.50000000000000,0.0}
 0.0
}
\end{data}
\end{record}

\begin{record}{"#14"}
\begin{data}
simulationResult:{
 [
  {
   {{0.68261844457498,0.73077497160619,0.0}{-0.73077497160619,0.68261844457498,0.0}{0.0,0.0,1.00000000000000}}
   {0.0,0.0,-0.30087704484126}
   {0.0,0.0,-0.60175408968253}
   {0.0,0.0,-0.29156046758695}
   [{{0.0,0.0,0.0}{0.68261844457498,0.73077497160619,0.0}}]
  }
 ]
 [
 ]
 {0.0,0.0,0.0}
 {0.86602540378444,0.50000000000000,0.0}
 0.0
}
\end{data}
\end{record}

\begin{record}{"#15"}
\begin{data}
simulationResult:{
 [
  {
   {{0.70479352586190,0.70941249347834,0.0}{-0.70941249347834,0.70479352586190,0.0}{0.0,0.0,1.00000000000000}}
   {0.0,0.0,-0.31472200554448}
   {0.0,0.0,-0.62944401108896}
   {0.0,0.0,-0.26197247819806}
   [{{0.0,0.0,0.0}{0.70479352586190,0.70941249347834,0.0}}]
  }
 ]
 [
 ]
 {0.0,0.0,0.0}
 {0.86602540378444,0.50000000000000,0.0}
 0.0
}
\end{data}
\end{record}

\begin{record}{"#16"}
\begin{data}
simulationResult:{
 [
  {
   {{0.72719971059186,0.68642594714587,0.0}{-0.68642594714587,0.72719971059186,0.0}{0.0,0.0,1.00000000000000}}
   {0.0,0.0,-0.32704891497411}
   {0.0,0.0,-0.65409782994822}
   {0.0,0.0,-0.23086245276491}
   [{{0.0,0.0,0.0}{0.72719971059186,0.68642594714587,0.0}}]
  }
 ]
 [
 ]
 {0.0,0.0,0.0}
 {0.86602540378444,0.50000000000000,0.0}
 0.0
}
\end{data}
\end{record}

\begin{record}{"#17"}
\begin{data}
simulationResult:{
 [
  {
   {{0.74962069838535,0.66186766694881,0.0}{-0.66186766694881,0.74962069838535,0.0}{0.0,0.0,1.00000000000000}}
   {0.0,0.0,-0.33778543144178}
   {0.0,0.0,-0.67557086288356}
   {0.0,0.0,-0.19838386434520}
   [{{0.0,0.0,0.0}{0.74962069838535,0.66186766694881,0.0}}]
  }
 ]
 [
 ]
 {0.0,0.0,0.0}
 {0.86602540378444,0.50000000000000,0.0}
 0.0
}
\end{data}
\end{record}

\begin{record}{"#18"}
\begin{data}
simulationResult:{
 [
  {
   {{0.77184348487787,0.63581257839995,0.0}{-0.63581257839995,0.77184348487787,0.0}{0.0,0.0,1.00000000000000}}
   {0.0,0.0,-0.34686733928878}
   {0.0,0.0,-0.69373467857756}
   {0.0,0.0,-0.16470810251858}
   [{{0.0,0.0,0.0}{0.77184348487787,0.63581257839995,0.0}}]
  }
 ]
 [
 ]
 {0.0,0.0,0.0}
 {0.86602540378444,0.50000000000000,0.0}
 0.0
}
\end{data}
\end{record}

\begin{record}{"#19"}
\begin{data}
simulationResult:{
 [
  {
   {{0.79366213607479,0.60835878703377,0.0}{-0.60835878703377,0.79366213607479,0.0}{0.0,0.0,1.00000000000000}}
   {0.0,0.0,-0.35423941281997}
   {0.0,0.0,-0.70847882563994}
   {0.0,0.0,-0.13002309616751}
   [{{0.0,0.0,0.0}{0.79366213607479,0.60835878703377,0.0}}]
  }
 ]
 [
 ]
 {0.0,0.0,0.0}
 {0.86602540378444,0.50000000000000,0.0}
 0.0
}
\end{data}
\end{record}

\begin{record}{"#20"}
\begin{data}
simulationResult:{
 [
  {
   {{0.81488157180734,0.57962748720950,0.0}{-0.57962748720950,0.81488157180734,0.0}{0.0,0.0,1.00000000000000}}
   {0.0,0.0,-0.35985619639136}
   {0.0,0.0,-0.71971239278273}
   {0.0,0.0,-9.45313427702154e-02}
   [{{0.0,0.0,0.0}{0.81488157180734,0.57962748720950,0.0}}]
  }
 ]
 [
 ]
 {0.0,0.0,0.0}
 {0.86602540378444,0.50000000000000,0.0}
 0.0
}
\end{data}
\end{record}

\begin{record}{"#21"}
\begin{data}
simulationResult:{
 [
  {
   {{0.83532122693588,0.54976217388097,0.0}{-0.54976217388097,0.83532122693588,0.0}{0.0,0.0,1.00000000000000}}
   {0.0,0.0,-0.36368267212352}
   {0.0,0.0,-0.72736534424705}
   {0.0,0.0,-5.84473951718413e-02}
   [{{0.0,0.0,0.0}{0.83532122693588,0.54976217388097,0.0}}]
  }
 ]
 [
 ]
 {0.0,0.0,0.0}
 {0.86602540378444,0.50000000000000,0.0}
 0.0
}
\end{data}
\end{record}

\begin{record}{"#22"}
\begin{data}
simulationResult:{
 [
  {
   {{0.85481845453515,0.51892717194818,0.0}{-0.51892717194818,0.85481845453515,0.0}{0.0,0.0,1.00000000000000}}
   {0.0,0.0,-0.36569479001053}
   {0.0,0.0,-0.73138958002106}
   {0.0,0.0,-2.19948863728644e-02}
   [{{0.0,0.0,0.0}{0.85481845453515,0.51892717194818,0.0}}]
  }
 ]
 [
 ]
 {0.0,0.0,0.0}
 {0.86602540378444,0.50000000000000,0.0}
 0.0
}
\end{data}
\end{record}

\begin{record}{"#23"}
\begin{data}
simulationResult:{
 [
  {
   {{0.87323153886219,0.48730552996696,0.0}{-0.48730552996696,0.87323153886219,0.0}{0.0,0.0,1.00000000000000}}
   {0.0,0.0,-0.36587983989210}
   {0.0,0.0,-0.73175967978421}
   {0.0,0.0,1.45968010557435e-02}
   [{{0.0,0.0,0.0}{0.87323153886219,0.48730552996696,0.0}}]
  }
 ]
 [
 ]
 {0.0,0.0,0.0}
 {0.86602540378444,0.50000000000000,0.0}
 0.0
}
\end{data}
\end{record}

\begin{record}{"#24"}
\begin{data}
simulationResult:{
 [
  {
   {{0.89044219757726,0.45509635548287,0.0}{-0.45509635548287,0.89044219757726,0.0}{0.0,0.0,1.00000000000000}}
   {0.0,0.0,-0.36423665062777}
   {0.0,0.0,-0.72847330125555}
   {0.0,0.0,5.10960937515902e-02}
   [{{0.0,0.0,0.0}{0.89044219757726,0.45509635548287,0.0}}]
  }
 ]
 [
 ]
 {0.0,0.0,0.0}
 {0.86602540378444,0.50000000000000,0.0}
 0.0
}
\end{data}
\end{record}

\begin{record}{"#25"}
\begin{data}
simulationResult:{
 [
  {
   {{0.90635747189781,0.42251169585588,0.0}{-0.42251169585588,0.90635747189781,0.0}{0.0,0.0,1.00000000000000}}
   {0.0,0.0,-0.36077560853922}
   {0.0,0.0,-0.72155121707844}
   {0.0,0.0,8.72728739228426e-02}
   [{{0.0,0.0,0.0}{0.90635747189781,0.42251169585588,0.0}}]
  }
 ]
 [
 ]
 {0.0,0.0,0.0}
 {0.86602540378444,0.50000000000000,0.0}
 0.0
}
\end{data}
\end{record}

\begin{record}{"#26"}
\begin{data}
simulationResult:{
 [
  {
   {{0.92091092888928,0.38977308918431,0.0}{-0.38977308918431,0.92091092888928,0.0}{0.0,0.0,1.00000000000000}}
   {0.0,0.0,-0.35551849438329}
   {0.0,0.0,-0.71103698876657}
   {0.0,0.0,0.12290206748117}
   [{{0.0,0.0,0.0}{0.92091092888928,0.38977308918431,0.0}}]
  }
 ]
 [
 ]
 {0.0,0.0,0.0}
 {0.86602540378444,0.50000000000000,0.0}
 0.0
}
\end{data}
\end{record}

\begin{record}{"#27"}
\begin{data}
simulationResult:{
 [
  {
   {{0.93406313015733,0.35710792329588,0.0}{-0.35710792329588,0.93406313015733,0.0}{0.0,0.0,1.00000000000000}}
   {0.0,0.0,-0.34849814535827}
   {0.0,0.0,-0.69699629071655}
   {0.0,0.0,0.15776703159407}
   [{{0.0,0.0,0.0}{0.93406313015733,0.35710792329588,0.0}}]
  }
 ]
 [
 ]
 {0.0,0.0,0.0}
 {0.86602540378444,0.50000000000000,0.0}
 0.0
}
\end{data}
\end{record}

\begin{record}{"#28"}
\begin{data}
simulationResult:{
 [
  {
   {{0.94580135364694,0.32474574583760,0.0}{-0.32474574583760,0.94580135364694,0.0}{0.0,0.0,1.00000000000000}}
   {0.0,0.0,-0.33975795550115}
   {0.0,0.0,-0.67951591100229}
   {0.0,0.0,0.19166261114033}
   [{{0.0,0.0,0.0}{0.94580135364694,0.32474574583760,0.0}}]
  }
 ]
 [
 ]
 {0.0,0.0,0.0}
 {0.86602540378444,0.50000000000000,0.0}
 0.0
}
\end{data}
\end{record}

\begin{record}{"#29"}
\begin{data}
simulationResult:{
 [
  {
   {{0.95613858775938,0.29291466504343,0.0}{-0.29291466504343,0.95613858775938,0.0}{0.0,0.0,1.00000000000000}}
   {0.0,0.0,-0.32935123390610}
   {0.0,0.0,-0.65870246781221}
   {0.0,0.0,0.22439775279512}
   [{{0.0,0.0,0.0}{0.95613858775938,0.29291466504343,0.0}}]
  }
 ]
 [
 ]
 {0.0,0.0,0.0}
 {0.86602540378444,0.50000000000000,0.0}
 0.0
}
\end{data}
\end{record}

\begin{record}{"#30"}
\begin{data}
simulationResult:{
 [
  {
   {{0.96511184732477,0.26183796927369,0.0}{-0.26183796927369,0.96511184732477,0.0}{0.0,0.0,1.00000000000000}}
   {0.0,0.0,-0.31734044515155}
   {0.0,0.0,-0.63468089030310}
   {0.0,0.0,0.25579759058110}
   [{{0.0,0.0,0.0}{0.96511184732477,0.26183796927369,0.0}}]
  }
 ]
 [
 ]
 {0.0,0.0,0.0}
 {0.86602540378444,0.50000000000000,0.0}
 0.0
}
\end{data}
\end{record}

\begin{record}{"#31"}
\begin{data}
simulationResult:{
 [
  {
   {{0.97277988716460,0.23173107501591,0.0}{-0.23173107501591,0.97277988716460,0.0}{0.0,0.0,1.00000000000000}}
   {0.0,0.0,-0.30379635991667}
   {0.0,0.0,-0.60759271983334}
   {0.0,0.0,0.28570494575837}
   [{{0.0,0.0,0.0}{0.97277988716460,0.23173107501591,0.0}}]
  }
 ]
 [
 ]
 {0.0,0.0,0.0}
 {0.86602540378444,0.50000000000000,0.0}
 0.0
}
\end{data}
\end{record}

\begin{record}{"#32"}
\begin{data}
simulationResult:{
 [
  {
   {{0.97922040955552,0.20279888932120,0.0}{-0.20279888932120,0.97922040955552,0.0}{0.0,0.0,1.00000000000000}}
   {0.0,0.0,-0.28879714585751}
   {0.0,0.0,-0.57759429171503}
   {0.0,0.0,0.31398121475357}
   [{{0.0,0.0,0.0}{0.97922040955552,0.20279888932120,0.0}}]
  }
 ]
 [
 ]
 {0.0,0.0,0.0}
 {0.86602540378444,0.50000000000000,0.0}
 0.0
}
\end{data}
\end{record}

\begin{record}{"#33"}
\begin{data}
simulationResult:{
 [
  {
   {{0.98452687595183,0.17523364553797,0.0}{-0.17523364553797,0.98452687595183,0.0}{0.0,0.0,1.00000000000000}}
   {0.0,0.0,-0.27242742935939}
   {0.0,0.0,-0.54485485871877}
   {0.0,0.0,0.34050664933064}
   [{{0.0,0.0,0.0}{0.98452687595183,0.17523364553797,0.0}}]
  }
 ]
 [
 ]
 {0.0,0.0,0.0}
 {0.86602540378444,0.50000000000000,0.0}
 0.0
}
\end{data}
\end{record}

\begin{record}{"#34"}
\begin{data}
simulationResult:{
 [
  {
   {{0.98880504053938,0.14921324272302,0.0}{-0.14921324272302,0.98880504053938,0.0}{0.0,0.0,1.00000000000000}}
   {0.0,0.0,-0.25477735785245}
   {0.0,0.0,-0.50955471570489}
   {0.0,0.0,0.36518006148000}
   [{{0.0,0.0,0.0}{0.98880504053938,0.14921324272302,0.0}}]
  }
 ]
 [
 ]
 {0.0,0.0,0.0}
 {0.86602540378444,0.50000000000000,0.0}
 0.0
}
\end{data}
\end{record}

\begin{record}{"#35"}
\begin{data}
simulationResult:{
 [
  {
   {{0.99216932386478,0.12490009119974,0.0}{-0.12490009119974,0.99216932386478,0.0}{0.0,0.0,1.00000000000000}}
   {0.0,0.0,-0.23594169012271}
   {0.0,0.0,-0.47188338024543}
   {0.0,0.0,0.38791801000904}
   [{{0.0,0.0,0.0}{0.99216932386478,0.12490009119974,0.0}}]
  }
 ]
 [
 ]
 {0.0,0.0,0.0}
 {0.86602540378444,0.50000000000000,0.0}
 0.0
}
\end{data}
\end{record}

\begin{record}{"#36"}
\begin{data}
simulationResult:{
 [
  {
   {{0.99473913968852,0.10244044109502,0.0}{-0.10244044109502,0.99473913968852,0.0}{0.0,0.0,1.00000000000000}}
   {0.0,0.0,-0.21601893868827}
   {0.0,0.0,-0.43203787737655}
   {0.0,0.0,0.40865354547281}
   [{{0.0,0.0,0.0}{0.99473913968852,0.10244044109502,0.0}}]
  }
 ]
 [
 ]
 {0.0,0.0,0.0}
 {0.86602540378444,0.50000000000000,0.0}
 0.0
}
\end{data}
\end{record}

\begin{record}{"#37"}
\begin{data}
simulationResult:{
 [
  {
   {{0.99663527849170,8.19641486612812e-02,0.0}{-8.19641486612812e-02,0.99663527849170,0.0}{0.0,0.0,1.00000000000000}}
   {0.0,0.0,-0.19511058409987}
   {0.0,0.0,-0.39022116819974}
   {0.0,0.0,0.42733460429840}
   [{{0.0,0.0,0.0}{0.99663527849170,8.19641486612812e-02,0.0}}]
  }
 ]
 [
 ]
 {0.0,0.0,0.0}
 {0.86602540378444,0.50000000000000,0.0}
 0.0
}
\end{data}
\end{record}

\begin{record}{"#38"}
\begin{data}
simulationResult:{
 [
  {
   {{0.99797643807731,6.35848177046296e-02,0.0}{-6.35848177046296e-02,0.99797643807731,0.0}{0.0,0.0,1.00000000000000}}
   {0.0,0.0,-0.17332037624333}
   {0.0,0.0,-0.34664075248667}
   {0.0,0.0,0.44392215160524}
   [{{0.0,0.0,0.0}{0.99797643807731,6.35848177046296e-02,0.0}}]
  }
 ]
 [
 ]
 {0.0,0.0,0.0}
 {0.86602540378444,0.50000000000000,0.0}
 0.0
}
\end{data}
\end{record}

\begin{record}{"#39"}
\begin{data}
simulationResult:{
 [
  {
   {{0.99887597686290,4.74002409928317e-02,0.0}{-4.74002409928317e-02,0.99887597686290,0.0}{0.0,0.0,1.00000000000000}}
   {0.0,0.0,-0.15075373264118}
   {0.0,0.0,-0.30150746528236}
   {0.0,0.0,0.45838817558093}
   [{{0.0,0.0,0.0}{0.99887597686290,4.74002409928317e-02,0.0}}]
  }
 ]
 [
 ]
 {0.0,0.0,0.0}
 {0.86602540378444,0.50000000000000,0.0}
 0.0
}
\end{data}
\end{record}

\begin{record}{"#40"}
\begin{data}
simulationResult:{
 [
  {
   {{0.99943895010360,3.34930592185161e-02,0.0}{-3.34930592185161e-02,0.99943895010360,0.0}{0.0,0.0,1.00000000000000}}
   {0.0,0.0,-0.12751723862358}
   {0.0,0.0,-0.25503447724716}
   {0.0,0.0,0.47071363491381}
   [{{0.0,0.0,0.0}{0.99943895010360,3.34930592185161e-02,0.0}}]
  }
 ]
 [
 ]
 {0.0,0.0,0.0}
 {0.86602540378444,0.50000000000000,0.0}
 0.0
}
\end{data}
\end{record}

\begin{record}{"#41"}
\begin{data}
simulationResult:{
 [
  {
   {{0.99975947457115,2.19315527314453e-02,0.0}{-2.19315527314453e-02,0.99975947457115,0.0}{0.0,0.0,1.00000000000000}}
   {0.0,0.0,-0.10371824928181}
   {0.0,0.0,-0.20743649856362}
   {0.0,0.0,0.48088645547229}
   [{{0.0,0.0,0.0}{0.99975947457115,2.19315527314453e-02,0.0}}]
  }
 ]
 [
 ]
 {0.0,0.0,0.0}
 {0.86602540378444,0.50000000000000,0.0}
 0.0
}
\end{data}
\end{record}

\begin{record}{"#42"}
\begin{data}
simulationResult:{
 [
  {
   {{0.99991845405228,1.27704833778455e-02,0.0}{-1.27704833778455e-02,0.99991845405228,0.0}{0.0,0.0,1.00000000000000}}
   {0.0,0.0,-7.94645885071966e-02}
   {0.0,0.0,-0.15892917701439}
   {0.0,0.0,0.48889966399975}
   [{{0.0,0.0,0.0}{0.99991845405228,1.27704833778455e-02,0.0}}]
  }
 ]
 [
 ]
 {0.0,0.0,0.0}
 {0.86602540378444,0.50000000000000,0.0}
 0.0
}
\end{data}
\end{record}

\begin{record}{"#43"}
\begin{data}
simulationResult:{
 [
  {
   {{0.99998168702624,6.05190979404307e-03,0.0}{-6.05190979404307e-03,0.99998168702624,0.0}{0.0,0.0,1.00000000000000}}
   {0.0,0.0,-5.48643362898458e-02}
   {0.0,0.0,-0.10972867257969}
   {0.0,0.0,0.49474973588832}
   [{{0.0,0.0,0.0}{0.99998168702624,6.05190979404307e-03,0.0}}]
  }
 ]
 [
 ]
 {0.0,0.0,0.0}
 {0.86602540378444,0.50000000000000,0.0}
 0.0
}
\end{data}
\end{record}

\begin{record}{"#44"}
\begin{data}
simulationResult:{
 [
  {
   {{0.99999836934551,1.80590872452374e-03,0.0}{-1.80590872452374e-03,0.99999836934551,0.0}{0.0,0.0,1.00000000000000}}
   {0.0,0.0,-3.00256918995624e-02}
   {0.0,0.0,-6.00513837991249e-02}
   {0.0,0.0,0.49843522183945}
   [{{0.0,0.0,0.0}{0.99999836934551,1.80590872452374e-03,0.0}}]
  }
 ]
 [
 ]
 {0.0,0.0,0.0}
 {0.86602540378444,0.50000000000000,0.0}
 0.0
}
\end{data}
\end{record}

\begin{record}{"#45"}
\begin{data}
simulationResult:{
 [
  {
   {{0.99999999869201,5.11466933633458e-05,0.0}{-5.11466933633458e-05,0.99999999869201,0.0}{0.0,0.0,1.00000000000000}}
   {0.0,0.0,-5.05689765826137e-03}
   {0.0,0.0,-1.01137953165227e-02}
   {0.0,0.0,0.49995570501006}
   [{{0.0,0.0,0.0}{0.99999999869201,5.11466933633458e-05,0.0}}]
  }
 ]
 [
 ]
 {0.0,0.0,0.0}
 {0.86602540378444,0.50000000000000,0.0}
 0.0
}
\end{data}
\end{record}

\begin{record}{"#46"}
\begin{data}
simulationResult:{
 [
  {
   {{0.99999968378071,7.95260012300239e-04,0.0}{-7.95260012300239e-04,0.99999968378071,0.0}{0.0,0.0,1.00000000000000}}
   {0.0,0.0,1.99337942250735e-02}
   {0.0,0.0,3.98675884501471e-02}
   {0.0,0.0,0.49931112651770}
   [{{0.0,0.0,0.0}{0.99999968378071,7.95260012300239e-04,0.0}}]
  }
 ]
 [
 ]
 {0.0,0.0,0.0}
 {0.86602540378444,0.50000000000000,0.0}
 0.0
}
\end{data}
\end{record}

\begin{record}{"#47"}
\begin{data}
simulationResult:{
 [
  {
   {{0.99999185928949,4.03501607706284e-03,0.0}{-4.03501607706284e-03,0.99999185928949,0.0}{0.0,0.0,1.00000000000000}}
   {0.0,0.0,4.48381308310980e-02}
   {0.0,0.0,8.96762616621960e-02}
   {0.0,0.0,0.49650150321873}
   [{{0.0,0.0,0.0}{0.99999185928949,4.03501607706284e-03,0.0}}]
  }
 ]
 [
 ]
 {0.0,0.0,0.0}
 {0.86602540378444,0.50000000000000,0.0}
 0.0
}
\end{data}
\end{record}

\begin{record}{"#48"}
\begin{data}
simulationResult:{
 [
  {
   {{0.99995240671246,9.75624466521748e-03,0.0}{-9.75624466521748e-03,0.99995240671246,0.0}{0.0,0.0,1.00000000000000}}
   {0.0,0.0,6.95478636375311e-02}
   {0.0,0.0,0.13909572727506}
   {0.0,0.0,0.49152704763282}
   [{{0.0,0.0,0.0}{0.99995240671246,9.75624466521748e-03,0.0}}]
  }
 ]
 [
 ]
 {0.0,0.0,0.0}
 {0.86602540378444,0.50000000000000,0.0}
 0.0
}
\end{data}
\end{record}

\begin{record}{"#49"}
\begin{data}
simulationResult:{
 [
  {
   {{0.99983918106791,1.79335440293488e-02,0.0}{-1.79335440293488e-02,0.99983918106791,0.0}{0.0,0.0,1.00000000000000}}
   {0.0,0.0,9.39547696185414e-02}
   {0.0,0.0,0.18790953923708}
   {0.0,0.0,0.48438868582770}
   [{{0.0,0.0,0.0}{0.99983918106791,1.79335440293488e-02,0.0}}]
  }
 ]
 [
 ]
 {0.0,0.0,0.0}
 {0.86602540378444,0.50000000000000,0.0}
 0.0
}
\end{data}
\end{record}

\begin{record}{"#50"}
\begin{data}
simulationResult:{
 [
  {
   {{0.99959294290679,2.85297825253603e-02,0.0}{-2.85297825253603e-02,0.99959294290679,0.0}{0.0,0.0,1.00000000000000}}
   {0.0,0.0,0.11795070783665}
   {0.0,0.0,0.23590141567331}
   {0.0,0.0,0.47508895502590}
   [{{0.0,0.0,0.0}{0.99959294290679,2.85297825253603e-02,0.0}}]
  }
 ]
 [
 ]
 {0.0,0.0,0.0}
 {0.86602540378444,0.50000000000000,0.0}
 0.0
}
\end{data}
\end{record}

\begin{record}{"#51"}
\begin{data}
simulationResult:{
 [
  {
   {{0.99913869364286,4.14954318646049e-02,0.0}{-4.14954318646049e-02,0.99913869364286,0.0}{0.0,0.0,1.00000000000000}}
   {0.0,0.0,0.14142772976535}
   {0.0,0.0,0.28285545953070}
   {0.0,0.0,0.46363324869050}
   [{{0.0,0.0,0.0}{0.99913869364286,4.14954318646049e-02,0.0}}]
  }
 ]
 [
 ]
 {0.0,0.0,0.0}
 {0.86602540378444,0.50000000000000,0.0}
 0.0
}
\end{data}
\end{record}

\begin{record}{"#52"}
\begin{data}
simulationResult:{
 [
  {
   {{0.99838740922010,5.67677823309344e-02,0.0}{-5.67677823309344e-02,0.99838740922010,0.0}{0.0,0.0,1.00000000000000}}
   {0.0,0.0,0.16427825962119}
   {0.0,0.0,0.32855651924237}
   {0.0,0.0,0.45003136300073}
   [{{0.0,0.0,0.0}{0.99838740922010,5.67677823309344e-02,0.0}}]
  }
 ]
 [
 ]
 {0.0,0.0,0.0}
 {0.86602540378444,0.50000000000000,0.0}
 0.0
}
\end{data}
\end{record}

\begin{record}{"#53"}
\begin{data}
simulationResult:{
 [
  {
   {{0.99723816203287,7.42701029035111e-02,0.0}{-7.42701029035111e-02,0.99723816203287,0.0}{0.0,0.0,1.00000000000000}}
   {0.0,0.0,0.18639535834104}
   {0.0,0.0,0.37279071668209}
   {0.0,0.0,0.43429928516708}
   [{{0.0,0.0,0.0}{0.99723816203287,7.42701029035111e-02,0.0}}]
  }
 ]
 [
 ]
 {0.0,0.0,0.0}
 {0.86602540378444,0.50000000000000,0.0}
 0.0
}
\end{data}
\end{record}

\begin{record}{"#54"}
\begin{data}
simulationResult:{
 [
  {
   {{0.99558061349669,9.39108195553208e-02,0.0}{-9.39108195553208e-02,0.99558061349669,0.0}{0.0,0.0,1.00000000000000}}
   {0.0,0.0,0.20767308154080}
   {0.0,0.0,0.41534616308160}
   {0.0,0.0,0.41646115133104}
   [{{0.0,0.0,0.0}{0.99558061349669,9.39108195553208e-02,0.0}}]
  }
 ]
 [
 ]
 {0.0,0.0,0.0}
 {0.86602540378444,0.50000000000000,0.0}
 0.0
}
\end{data}
\end{record}

\begin{record}{"#55"}
\begin{data}
simulationResult:{
 [
  {
   {{0.99329784964206,0.11558279238913,0.0}{-0.11558279238913,0.99329784964206,0.0}{0.0,0.0,1.00000000000000}}
   {0.0,0.0,0.22800693788699}
   {0.0,0.0,0.45601387577398}
   {0.0,0.0,0.39655129038060}
   [{{0.0,0.0,0.0}{0.99329784964206,0.11558279238913,0.0}}]
  }
 ]
 [
 ]
 {0.0,0.0,0.0}
 {0.86602540378444,0.50000000000000,0.0}
 0.0
}
\end{data}
\end{record}

\begin{record}{"#56"}
\begin{data}
simulationResult:{
 [
  {
   {{0.99026951975864,0.13916277604661,0.0}{-0.13916277604661,0.99026951975864,0.0}{0.0,0.0,1.00000000000000}}
   {0.0,0.0,0.24729444988366}
   {0.0,0.0,0.49458889976731}
   {0.0,0.0,0.37461626057180}
   [{{0.0,0.0,0.0}{0.99026951975864,0.13916277604661,0.0}}]
  }
 ]
 [
 ]
 {0.0,0.0,0.0}
 {0.86602540378444,0.50000000000000,0.0}
 0.0
}
\end{data}
\end{record}

\begin{record}{"#57"}
\begin{data}
simulationResult:{
 [
  {
   {{0.98637522393839,0.16451114734416,0.0}{-0.16451114734416,0.98637522393839,0.0}{0.0,0.0,1.00000000000000}}
   {0.0,0.0,0.26543581424113}
   {0.0,0.0,0.53087162848225}
   {0.0,0.0,0.35071677917457}
   [{{0.0,0.0,0.0}{0.98637522393839,0.16451114734416,0.0}}]
  }
 ]
 [
 ]
 {0.0,0.0,0.0}
 {0.86602540378444,0.50000000000000,0.0}
 0.0
}
\end{data}
\end{record}

\begin{record}{"#58"}
\begin{data}
simulationResult:{
 [
  {
   {{0.98149808014246,0.19147197882895,0.0}{-0.19147197882895,0.98149808014246,0.0}{0.0,0.0,1.00000000000000}}
   {0.0,0.0,0.28233465391102}
   {0.0,0.0,0.56466930782204}
   {0.0,0.0,0.32492944230476}
   [{{0.0,0.0,0.0}{0.98149808014246,0.19147197882895,0.0}}]
  }
 ]
 [
 ]
 {0.0,0.0,0.0}
 {0.86602540378444,0.50000000000000,0.0}
 0.0
}
\end{data}
\end{record}

\begin{record}{"#59"}
\begin{data}
simulationResult:{
 [
  {
   {{0.97552838621147,0.21987352659117,0.0}{-0.21987352659117,0.97552838621147,0.0}{0.0,0.0,1.00000000000000}}
   {0.0,0.0,0.29789884874420}
   {0.0,0.0,0.59579769748839}
   {0.0,0.0,0.29734813347152}
   [{{0.0,0.0,0.0}{0.97552838621147,0.21987352659117,0.0}}]
  }
 ]
 [
 ]
 {0.0,0.0,0.0}
 {0.86602540378444,0.50000000000000,0.0}
 0.0
}
\end{data}
\end{record}

\begin{record}{"#60"}
\begin{data}
simulationResult:{
 [
  {
   {{0.96836727833053,0.24952918518426,0.0}{-0.24952918518426,0.96836727833053,0.0}{0.0,0.0,1.00000000000000}}
   {0.0,0.0,0.31204142679382}
   {0.0,0.0,0.62408285358765}
   {0.0,0.0,0.26808502582456}
   [{{0.0,0.0,0.0}{0.96836727833053,0.24952918518426,0.0}}]
  }
 ]
 [
 ]
 {0.0,0.0,0.0}
 {0.86602540378444,0.50000000000000,0.0}
 0.0
}
\end{data}
\end{record}

\begin{record}{"#61"}
\begin{data}
simulationResult:{
 [
  {
   {{0.95993027624834,0.28023894222929,0.0}{-0.28023894222929,0.95993027624834,0.0}{0.0,0.0,1.00000000000000}}
   {0.0,0.0,0.32468149381059}
   {0.0,0.0,0.64936298762119}
   {0.0,0.0,0.23727109503945}
   [{{0.0,0.0,0.0}{0.95993027624834,0.28023894222929,0.0}}]
  }
 ]
 [
 ]
 {0.0,0.0,0.0}
 {0.86602540378444,0.50000000000000,0.0}
 0.0
}
\end{data}
\end{record}

\begin{record}{"#62"}
\begin{data}
simulationResult:{
 [
  {
   {{0.95015059843152,0.31179134096414,0.0}{-0.31179134096414,0.95015059843152,0.0}{0.0,0.0,1.00000000000000}}
   {0.0,0.0,0.33574517473869}
   {0.0,0.0,0.67149034947739}
   {0.0,0.0,0.20505607727728}
   [{{0.0,0.0,0.0}{0.95015059843152,0.31179134096414,0.0}}]
  }
 ]
 [
 ]
 {0.0,0.0,0.0}
 {0.86602540378444,0.50000000000000,0.0}
 0.0
}
\end{data}
\end{record}

\begin{record}{"#63"}
\begin{data}
simulationResult:{
 [
  {
   {{0.93898212855552,0.34396593182078,0.0}{-0.34396593182078,0.93898212855552,0.0}{0.0,0.0,1.00000000000000}}
   {0.0,0.0,0.34516653828930}
   {0.0,0.0,0.69033307657860}
   {0.0,0.0,0.17160782930190}
   [{{0.0,0.0,0.0}{0.93898212855552,0.34396593182078,0.0}}]
  }
 ]
 [
 ]
 {0.0,0.0,0.0}
 {0.86602540378444,0.50000000000000,0.0}
 0.0
}
\end{data}
\end{record}

\begin{record}{"#64"}
\begin{data}
simulationResult:{
 [
  {
   {{0.92640191923667,0.37653616563967,0.0}{-0.37653616563967,0.92640191923667,0.0}{0.0,0.0,1.00000000000000}}
   {0.0,0.0,0.35288847417988}
   {0.0,0.0,0.70577694835976}
   {0.0,0.0,0.13711107474884}
   [{{0.0,0.0,0.0}{0.92640191923667,0.37653616563967,0.0}}]
  }
 ]
 [
 ]
 {0.0,0.0,0.0}
 {0.86602540378444,0.50000000000000,0.0}
 0.0
}
\end{data}
\end{record}

\begin{record}{"#65"}
\begin{data}
simulationResult:{
 [
  {
   {{0.91241213019426,0.40927265322078,0.0}{-0.40927265322078,0.91241213019426,0.0}{0.0,0.0,1.00000000000000}}
   {0.0,0.0,0.35886349256403}
   {0.0,0.0,0.71772698512806}
   {0.0,0.0,0.10176555035230}
   [{{0.0,0.0,0.0}{0.91241213019426,0.40927265322078,0.0}}]
  }
 ]
 [
 ]
 {0.0,0.0,0.0}
 {0.86602540378444,0.50000000000000,0.0}
 0.0
}
\end{data}
\end{record}

\begin{record}{"#66"}
\begin{data}
simulationResult:{
 [
  {
   {{0.89704131604164,0.44194669057962,0.0}{-0.44194669057962,0.89704131604164,0.0}{0.0,0.0,1.00000000000000}}
   {0.0,0.0,0.36305441663979}
   {0.0,0.0,0.72610883327958}
   {0.0,0.0,6.57835968794482e-02}
   [{{0.0,0.0,0.0}{0.89704131604164,0.44194669057962,0.0}}]
  }
 ]
 [
 ]
 {0.0,0.0,0.0}
 {0.86602540378444,0.50000000000000,0.0}
 0.0
}
\end{data}
\end{record}

\begin{record}{"#67"}
\begin{data}
simulationResult:{
 [
  {
   {{0.88034500297692,0.47433392850772,0.0}{-0.47433392850772,0.88034500297692,0.0}{0.0,0.0,1.00000000000000}}
   {0.0,0.0,0.36543494242084}
   {0.0,0.0,0.73086988484167}
   {0.0,0.0,2.93872695431743e-02}
   [{{0.0,0.0,0.0}{0.88034500297692,0.47433392850772,0.0}}]
  }
 ]
 [
 ]
 {0.0,0.0,0.0}
 {0.86602540378444,0.50000000000000,0.0}
 0.0
}
\end{data}
\end{record}

\begin{record}{"#68"}
\begin{data}
simulationResult:{
 [
  {
   {{0.86240552251201,0.50621805058767,0.0}{-0.50621805058767,0.86240552251201,0.0}{0.0,0.0,1.00000000000000}}
   {0.0,0.0,0.36599004408425}
   {0.0,0.0,0.73198008816850}
   {0.0,0.0,-7.19493038782260e-03}
   [{{0.0,0.0,0.0}{0.86240552251201,0.50621805058767,0.0}}]
  }
 ]
 [
 ]
 {0.0,0.0,0.0}
 {0.86602540378444,0.50000000000000,0.0}
 0.0
}
\end{data}
\end{record}

\begin{record}{"#69"}
\begin{data}
simulationResult:{
 [
  {
   {{0.84333110226131,0.53739431701380,0.0}{-0.53739431701380,0.84333110226131,0.0}{0.0,0.0,1.00000000000000}}
   {0.0,0.0,0.36471620896566}
   {0.0,0.0,0.72943241793132}
   {0.0,0.0,-4.37315792334792e-02}
   [{{0.0,0.0,0.0}{0.84333110226131,0.53739431701380,0.0}}]
  }
 ]
 [
 ]
 {0.0,0.0,0.0}
 {0.86602540378444,0.50000000000000,0.0}
 0.0
}
\end{data}
\end{record}

\begin{record}{"#70"}
\begin{data}
simulationResult:{
 [
  {
   {{0.82325424655800,0.56767283317437,0.0}{-0.56767283317437,0.82325424655800,0.0}{0.0,0.0,1.00000000000000}}
   {0.0,0.0,0.36162149285599}
   {0.0,0.0,0.72324298571197}
   {0.0,0.0,-7.99919712693862e-02}
   [{{0.0,0.0,0.0}{0.82325424655800,0.56767283317437,0.0}}]
  }
 ]
 [
 ]
 {0.0,0.0,0.0}
 {0.86602540378444,0.50000000000000,0.0}
 0.0
}
\end{data}
\end{record}

\begin{record}{"#71"}
\begin{data}
simulationResult:{
 [
  {
   {{0.80232947096399,0.59688141202641,0.0}{-0.59688141202641,0.80232947096399,0.0}{0.0,0.0,1.00000000000000}}
   {0.0,0.0,0.35672539338896}
   {0.0,0.0,0.71345078677793}
   {0.0,0.0,-0.11574973036117}
   [{{0.0,0.0,0.0}{0.80232947096399,0.59688141202641,0.0}}]
  }
 ]
 [
 ]
 {0.0,0.0,0.0}
 {0.86602540378444,0.50000000000000,0.0}
 0.0
}
\end{data}
\end{record}

\begin{record}{"#72"}
\begin{data}
simulationResult:{
 [
  {
   {{0.78073048233835,0.62486791720149,0.0}{-0.62486791720149,0.78073048233835,0.0}{0.0,0.0,1.00000000000000}}
   {0.0,0.0,0.35005854657499}
   {0.0,0.0,0.70011709314998}
   {0.0,0.0,-0.15078624911938}
   [{{0.0,0.0,0.0}{0.78073048233835,0.62486791720149,0.0}}]
  }
 ]
 [
 ]
 {0.0,0.0,0.0}
 {0.86602540378444,0.50000000000000,0.0}
 0.0
}
\end{data}
\end{record}

\begin{record}{"#73"}
\begin{data}
simulationResult:{
 [
  {
   {{0.75864691807567,0.65150199822740,0.0}{-0.65150199822740,0.75864691807567,0.0}{0.0,0.0,1.00000000000000}}
   {0.0,0.0,0.34166225850327}
   {0.0,0.0,0.68332451700655}
   {0.0,0.0,-0.18489382202639}
   [{{0.0,0.0,0.0}{0.75864691807567,0.65150199822740,0.0}}]
  }
 ]
 [
 ]
 {0.0,0.0,0.0}
 {0.86602540378444,0.50000000000000,0.0}
 0.0
}
\end{data}
\end{record}

\begin{record}{"#74"}
\begin{data}
simulationResult:{
 [
  {
   {{0.73628077295223,0.67667615842504,0.0}{-0.67667615842504,0.73628077295223,0.0}{0.0,0.0,1.00000000000000}}
   {0.0,0.0,0.33158789049474}
   {0.0,0.0,0.66317578098948}
   {0.0,0.0,-0.21787835683910}
   [{{0.0,0.0,0.0}{0.73628077295223,0.67667615842504,0.0}}]
  }
 ]
 [
 ]
 {0.0,0.0,0.0}
 {0.86602540378444,0.50000000000000,0.0}
 0.0
}
\end{data}
\end{record}

\begin{record}{"#75"}
\begin{data}
simulationResult:{
 [
  {
   {{0.71384264888599,0.70030612779800,0.0}{-0.70030612779800,0.71384264888599,0.0}{0.0,0.0,1.00000000000000}}
   {0.0,0.0,0.31989612119343}
   {0.0,0.0,0.63979224238687}
   {0.0,0.0,-0.24956157264083}
   [{{0.0,0.0,0.0}{0.71384264888599,0.70030612779800,0.0}}]
  }
 ]
 [
 ]
 {0.0,0.0,0.0}
 {0.86602540378444,0.50000000000000,0.0}
 0.0
}
\end{data}
\end{record}

\begin{record}{"#76"}
\begin{data}
simulationResult:{
 [
  {
   {{0.69154796167384,0.72233054532171,0.0}{-0.72233054532171,0.69154796167384,0.0}{0.0,0.0,1.00000000000000}}
   {0.0,0.0,0.30665611296908}
   {0.0,0.0,0.61331222593816}
   {0.0,0.0,-0.27978262132705}
   [{{0.0,0.0,0.0}{0.69154796167384,0.72233054532171,0.0}}]
  }
 ]
 [
 ]
 {0.0,0.0,0.0}
 {0.86602540378444,0.50000000000000,0.0}
 0.0
}
\end{data}
\end{record}

\begin{record}{"#77"}
\begin{data}
simulationResult:{
 [
  {
   {{0.66961322993737,0.74270998531919,0.0}{-0.74270998531919,0.66961322993737,0.0}{0.0,0.0,1.00000000000000}}
   {0.0,0.0,0.29194461240289}
   {0.0,0.0,0.58388922480578}
   {0.0,0.0,-0.30839909994911}
   [{{0.0,0.0,0.0}{0.66961322993737,0.74270998531919,0.0}}]
  }
 ]
 [
 ]
 {0.0,0.0,0.0}
 {0.86602540378444,0.50000000000000,0.0}
 0.0
}
\end{data}
\end{record}

\begin{record}{"#78"}
\begin{data}
simulationResult:{
 [
  {
   {{0.64825255618841,0.76142538925045,0.0}{-0.76142538925045,0.64825255618841,0.0}{0.0,0.0,1.00000000000000}}
   {0.0,0.0,0.27584501548540}
   {0.0,0.0,0.55169003097081}
   {0.0,0.0,-0.33528745207127}
   [{{0.0,0.0,0.0}{0.64825255618841,0.76142538925045,0.0}}]
  }
 ]
 [
 ]
 {0.0,0.0,0.0}
 {0.86602540378444,0.50000000000000,0.0}
 0.0
}
\end{data}
\end{record}

\begin{record}{"#79"}
\begin{data}
simulationResult:{
 [
  {
   {{0.62767438965473,0.77847598586698,0.0}{-0.77847598586698,0.62767438965473,0.0}{0.0,0.0,1.00000000000000}}
   {0.0,0.0,0.25844642751436}
   {0.0,0.0,0.51689285502872}
   {0.0,0.0,-0.36034278515885}
   [{{0.0,0.0,0.0}{0.62767438965473,0.77847598586698,0.0}}]
  }
 ]
 [
 ]
 {0.0,0.0,0.0}
 {0.86602540378444,0.50000000000000,0.0}
 0.0
}
\end{data}
\end{record}

\begin{record}{"#80"}
\begin{data}
simulationResult:{
 [
  {
   {{0.60807863708168,0.79387679845483,0.0}{-0.79387679845483,0.60807863708168,0.0}{0.0,0.0,1.00000000000000}}
   {0.0,0.0,0.23984274567792}
   {0.0,0.0,0.47968549135585}
   {0.0,0.0,-0.38347815638650}
   [{{0.0,0.0,0.0}{0.60807863708168,0.79387679845483,0.0}}]
  }
 ]
 [
 ]
 {0.0,0.0,0.0}
 {0.86602540378444,0.50000000000000,0.0}
 0.0
}
\end{data}
\end{record}

\begin{record}{"#81"}
\begin{data}
simulationResult:{
 [
  {
   {{0.58965416301304,0.80765584752504,0.0}{-0.80765584752504,0.58965416301304,0.0}{0.0,0.0,1.00000000000000}}
   {0.0,0.0,0.22013178915055}
   {0.0,0.0,0.44026357830111}
   {0.0,0.0,-0.40462339995671}
   [{{0.0,0.0,0.0}{0.58965416301304,0.80765584752504,0.0}}]
  }
 ]
 [
 ]
 {0.0,0.0,0.0}
 {0.86602540378444,0.50000000000000,0.0}
 0.0
}
\end{data}
\end{record}

\begin{record}{"#82"}
\begin{data}
simulationResult:{
 [
  {
   {{0.57257669682681,0.81985116103528,0.0}{-0.81985116103528,0.57257669682681,0.0}{0.0,0.0,1.00000000000000}}
   {0.0,0.0,0.19941449746745}
   {0.0,0.0,0.39882899493490}
   {0.0,0.0,-0.42372358435789}
   [{{0.0,0.0,0.0}{0.57257669682681,0.81985116103528,0.0}}]
  }
 ]
 [
 ]
 {0.0,0.0,0.0}
 {0.86602540378444,0.50000000000000,0.0}
 0.0
}
\end{data}
\end{record}

\begin{record}{"#83"}
\begin{data}
simulationResult:{
 [
  {
   {{0.55700714159572,0.83050770268034,0.0}{-0.83050770268034,0.55700714159572,0.0}{0.0,0.0,1.00000000000000}}
   {0.0,0.0,0.17779421325502}
   {0.0,0.0,0.35558842651004}
   {0.0,0.0,-0.44073719775556}
   [{{0.0,0.0,0.0}{0.55700714159572,0.83050770268034,0.0}}]
  }
 ]
 [
 ]
 {0.0,0.0,0.0}
 {0.86602540378444,0.50000000000000,0.0}
 0.0
}
\end{data}
\end{record}

\begin{record}{"#84"}
\begin{data}
simulationResult:{
 [
  {
   {{0.54309026087188,0.83967432290509,0.0}{-0.83967432290509,0.54309026087188,0.0}{0.0,0.0,1.00000000000000}}
   {0.0,0.0,0.15537606035379}
   {0.0,0.0,0.31075212070758}
   {0.0,0.0,-0.45563416409994}
   [{{0.0,0.0,0.0}{0.54309026087188,0.83967432290509,0.0}}]
  }
 ]
 [
 ]
 {0.0,0.0,0.0}
 {0.86602540378444,0.50000000000000,0.0}
 0.0
}
\end{data}
\end{record}

\begin{record}{"#85"}
\begin{data}
simulationResult:{
 [
  {
   {{0.53095370460161,0.84740082816211,0.0}{-0.84740082816211,0.53095370460161,0.0}{0.0,0.0,1.00000000000000}}
   {0.0,0.0,0.13226642323380}
   {0.0,0.0,0.26453284646760}
   {0.0,0.0,-0.46839379207107}
   [{{0.0,0.0,0.0}{0.53095370460161,0.84740082816211,0.0}}]
  }
 ]
 [
 ]
 {0.0,0.0,0.0}
 {0.86602540378444,0.50000000000000,0.0}
 0.0
}
\end{data}
\end{record}

\begin{record}{"#86"}
\begin{data}
simulationResult:{
 [
  {
   {{0.52070732502985,0.85373525267512,0.0}{-0.85373525267512,0.52070732502985,0.0}{0.0,0.0,1.00000000000000}}
   {0.0,0.0,0.10857252859546}
   {0.0,0.0,0.21714505719093}
   {0.0,0.0,-0.47900275440446}
   [{{0.0,0.0,0.0}{0.52070732502985,0.85373525267512,0.0}}]
  }
 ]
 [
 ]
 {0.0,0.0,0.0}
 {0.86602540378444,0.50000000000000,0.0}
 0.0
}
\end{data}
\end{record}

\begin{record}{"#87"}
\begin{data}
simulationResult:{
 [
  {
   {{0.51244272777845,0.85872140461676,0.0}{-0.85872140461676,0.51244272777845,0.0}{0.0,0.0,1.00000000000000}}
   {0.0,0.0,8.44021253563348e-02}
   {0.0,0.0,0.16880425071267}
   {0.0,0.0,-0.48745318727961}
   [{{0.0,0.0,0.0}{0.51244272777845,0.85872140461676,0.0}}]
  }
 ]
 [
 ]
 {0.0,0.0,0.0}
 {0.86602540378444,0.50000000000000,0.0}
 0.0
}
\end{data}
\end{record}

\begin{record}{"#88"}
\begin{data}
simulationResult:{
 [
  {
   {{0.50623300211468,0.86239674603396,0.0}{-0.86239674603396,0.50623300211468,0.0}{0.0,0.0,1.00000000000000}}
   {0.0,0.0,5.98632549892625e-02}
   {0.0,0.0,0.11972650997852}
   {0.0,0.0,-0.49374098914719}
   [{{0.0,0.0,0.0}{0.50623300211468,0.86239674603396,0.0}}]
  }
 ]
 [
 ]
 {0.0,0.0,0.0}
 {0.86602540378444,0.50000000000000,0.0}
 0.0
}
\end{data}
\end{record}

\begin{record}{"#89"}
\begin{data}
simulationResult:{
 [
  {
   {{0.50213257737601,0.86479065370628,0.0}{-0.86479065370628,0.50213257737601,0.0}{0.0,0.0,1.00000000000000}}
   {0.0,0.0,3.50641005028389e-02}
   {0.0,0.0,7.01282010056778e-02}
   {0.0,0.0,-0.49786438637587}
   [{{0.0,0.0,0.0}{0.50213257737601,0.86479065370628,0.0}}]
  }
 ]
 [
 ]
 {0.0,0.0,0.0}
 {0.86602540378444,0.50000000000000,0.0}
 0.0
}
\end{data}
\end{record}

\begin{record}{"#90"}
\begin{data}
simulationResult:{
 [
  {
   {{0.50017715903074,0.86592309680707,0.0}{-0.86592309680707,0.50017715903074,0.0}{0.0,0.0,1.00000000000000}}
   {0.0,0.0,1.01128993091492e-02}
   {0.0,0.0,2.02257986182984e-02}
   {0.0,0.0,-0.49982282004292}
   [{{0.0,0.0,0.0}{0.50017715903074,0.86592309680707,0.0}}]
  }
 ]
 [
 ]
